Train Shapes (X, y):  (3804, 27), (3804,)
Test Shapes (X, y):  (1875, 27), (1875,)
Unique classes: ['AGN' 'Blazar' 'CV' 'Flare' 'HPM' 'Non-Transient' 'Other' 'SN']
Unique count: [286 159 577 139 276 867 632 868]
Best Params: {'max_features': 'log2', 'n_estimators': 200}
Validation Accuracy: 0.6288
Test Accuracy: 0.6416
Report:
                precision    recall  f1-score   support

          AGN     0.6438    0.6667    0.6551       141
       Blazar     0.5098    0.3333    0.4031        78
           CV     0.6953    0.6807    0.6879       285
        Flare     0.7308    0.2794    0.4043        68
          HPM     0.8855    0.8529    0.8689       136
Non-Transient     0.6848    0.8528    0.7596       428
        Other     0.5489    0.4135    0.4717       312
           SN     0.5485    0.6089    0.5771       427

  avg / total     0.6386    0.6416    0.6316      1875
Confusion Matrix:
 [[ 94   6   0   0   0  13  21   7]
 [ 11  26  16   0   0   1  10  14]
 [  1   5 194   2   0  15   8  60]
 [  1   0   7  19   0  28   3  10]
 [  0   0   0   0 116  18   1   1]
 [  5   1   7   2   8 365  20  20]
 [ 32   6  14   0   2  27 129 102]
 [  2   7  41   3   5  66  43 260]]
Normalized Confusion Matrix:
 [[ 66.67   4.26   0.     0.     0.     9.22  14.89   4.96]
 [ 14.1   33.33  20.51   0.     0.     1.28  12.82  17.95]
 [  0.35   1.75  68.07   0.7    0.     5.26   2.81  21.05]
 [  1.47   0.    10.29  27.94   0.    41.18   4.41  14.71]
 [  0.     0.     0.     0.    85.29  13.24   0.74   0.74]
 [  1.17   0.23   1.64   0.47   1.87  85.28   4.67   4.67]
 [ 10.26   1.92   4.49   0.     0.64   8.65  41.35  32.69]
 [  0.47   1.64   9.6    0.7    1.17  15.46  10.07  60.89]]