Train Shapes (X, y):  (3804, 27), (3804,)
Test Shapes (X, y):  (1875, 27), (1875,)
Unique classes: ['AGN' 'Blazar' 'CV' 'Flare' 'HPM' 'Non-Transient' 'Other' 'SN']
Unique count: [286 159 577 139 276 867 632 868]
Best Params: {'max_features': 'log2', 'n_estimators': 700}
Validation Accuracy: 0.6288
Test Accuracy: 0.6437
Report:
                precision    recall  f1-score   support

          AGN     0.6552    0.6738    0.6643       141
       Blazar     0.5294    0.3462    0.4186        78
           CV     0.7169    0.6842    0.7002       285
        Flare     0.6774    0.3088    0.4242        68
          HPM     0.9055    0.8456    0.8745       136
Non-Transient     0.6837    0.8435    0.7552       428
        Other     0.5356    0.4103    0.4646       312
           SN     0.5498    0.6206    0.5831       427

  avg / total     0.6409    0.6437    0.6351      1875
Confusion Matrix:
 [[ 95   6   1   0   0  12  18   9]
 [ 11  27  12   0   0   1  11  16]
 [  1   5 195   2   0  16   8  58]
 [  1   0   7  21   0  26   3  10]
 [  0   0   0   0 115  19   1   1]
 [  3   0   6   4   6 361  24  24]
 [ 30   7  17   0   2  29 128  99]
 [  4   6  34   4   4  64  46 265]]
Normalized Confusion Matrix:
 [[ 67.38   4.26   0.71   0.     0.     8.51  12.77   6.38]
 [ 14.1   34.62  15.38   0.     0.     1.28  14.1   20.51]
 [  0.35   1.75  68.42   0.7    0.     5.61   2.81  20.35]
 [  1.47   0.    10.29  30.88   0.    38.24   4.41  14.71]
 [  0.     0.     0.     0.    84.56  13.97   0.74   0.74]
 [  0.7    0.     1.4    0.93   1.4   84.35   5.61   5.61]
 [  9.62   2.24   5.45   0.     0.64   9.29  41.03  31.73]
 [  0.94   1.41   7.96   0.94   0.94  14.99  10.77  62.06]]