Train Shapes (X, y):  (3200, 31), (3200,)
Test Shapes (X, y):  (1577, 31), (1577,)
Unique classes: ['AGN' 'Blazar' 'CV' 'Flare' 'HPM' 'Non-Transient' 'Other' 'SN']
Unique count: [285 156 524 125 268 703 436 703]
Best Params: {'max_features': 'auto', 'n_estimators': 200}
Validation Accuracy: 0.6512
Test Accuracy: 0.6753
Report:
                precision    recall  f1-score   support

          AGN     0.7203    0.7305    0.7254       141
       Blazar     0.6500    0.3421    0.4483        76
           CV     0.7434    0.7636    0.7533       258
        Flare     0.6250    0.3226    0.4255        62
          HPM     0.9500    0.8636    0.9048       132
Non-Transient     0.6421    0.8790    0.7421       347
        Other     0.4931    0.3318    0.3966       214
           SN     0.6397    0.6599    0.6496       347

  avg / total     0.6704    0.6753    0.6622      1577
Confusion Matrix:
 [[103   3   0   0   0   9  20   6]
 [  9  26  17   0   0   0   8  16]
 [  1   5 197   2   0   8   9  36]
 [  1   0   3  20   0  30   1   7]
 [  1   0   0   0 114  17   0   0]
 [  1   0   4   8   1 305  14  14]
 [ 27   5  20   0   2  39  71  50]
 [  0   1  24   2   3  67  21 229]]
Normalized Confusion Matrix:
 [[ 73.05   2.13   0.     0.     0.     6.38  14.18   4.26]
 [ 11.84  34.21  22.37   0.     0.     0.    10.53  21.05]
 [  0.39   1.94  76.36   0.78   0.     3.1    3.49  13.95]
 [  1.61   0.     4.84  32.26   0.    48.39   1.61  11.29]
 [  0.76   0.     0.     0.    86.36  12.88   0.     0.  ]
 [  0.29   0.     1.15   2.31   0.29  87.9    4.03   4.03]
 [ 12.62   2.34   9.35   0.     0.93  18.22  33.18  23.36]
 [  0.     0.29   6.92   0.58   0.86  19.31   6.05  65.99]]