Train Shapes (X, y):  (3804, 31), (3804,)
Test Shapes (X, y):  (1875, 31), (1875,)
Unique classes: ['AGN' 'Blazar' 'CV' 'Flare' 'HPM' 'Non-Transient' 'Other' 'SN']
Unique count: [286 159 577 139 276 867 632 868]
Best Params: {'max_features': 'auto', 'n_estimators': 700}
Validation Accuracy: 0.6312
Test Accuracy: 0.6512
Report:
                precision    recall  f1-score   support

          AGN     0.6549    0.6596    0.6572       141
       Blazar     0.5577    0.3718    0.4462        78
           CV     0.7212    0.6807    0.7004       285
        Flare     0.6786    0.2794    0.3958        68
          HPM     0.9055    0.8456    0.8745       136
Non-Transient     0.6766    0.8505    0.7536       428
        Other     0.5649    0.4327    0.4900       312
           SN     0.5667    0.6370    0.5998       427

  avg / total     0.6498    0.6512    0.6424      1875
Confusion Matrix:
 [[ 93   6   1   0   0  13  21   7]
 [ 10  29  12   0   0   1  11  15]
 [  1   5 194   2   0  16   9  58]
 [  1   0   6  19   0  29   3  10]
 [  0   0   0   0 115  19   0   2]
 [  5   0   6   4   6 364  21  22]
 [ 28   6  17   0   2  30 135  94]
 [  4   6  33   3   4  66  39 272]]
Normalized Confusion Matrix:
 [[ 65.96   4.26   0.71   0.     0.     9.22  14.89   4.96]
 [ 12.82  37.18  15.38   0.     0.     1.28  14.1   19.23]
 [  0.35   1.75  68.07   0.7    0.     5.61   3.16  20.35]
 [  1.47   0.     8.82  27.94   0.    42.65   4.41  14.71]
 [  0.     0.     0.     0.    84.56  13.97   0.     1.47]
 [  1.17   0.     1.4    0.93   1.4   85.05   4.91   5.14]
 [  8.97   1.92   5.45   0.     0.64   9.62  43.27  30.13]
 [  0.94   1.41   7.73   0.7    0.94  15.46   9.13  63.7 ]]