Train Shapes (X, y):  (3804, 31), (3804,)
Test Shapes (X, y):  (1875, 31), (1875,)
Unique classes: ['AGN' 'Blazar' 'CV' 'Flare' 'HPM' 'Non-Transient' 'Other' 'SN']
Unique count: [286 159 577 139 276 867 632 868]
Best Params: {'C': 1000, 'kernel': 'rbf', 'gamma': 0.01}
Validation Accuracy: 0.5176
Test Accuracy: 0.5467
Report:
                precision    recall  f1-score   support

          AGN     0.4464    0.7376    0.5561       141
       Blazar     0.3231    0.5385    0.4038        78
           CV     0.6125    0.5825    0.5971       285
        Flare     0.2687    0.5294    0.3564        68
          HPM     0.7550    0.8382    0.7944       136
Non-Transient     0.6913    0.6332    0.6610       428
        Other     0.4302    0.3558    0.3895       312
           SN     0.5915    0.4239    0.4939       427

  avg / total     0.5687    0.5467    0.5481      1875
Confusion Matrix:
 [[104  10   1   7   0   7  11   1]
 [ 12  42   9   1   0   2   8   4]
 [  8  24 166   7   0   6  23  51]
 [  2   1   5  36   1  12   4   7]
 [  0   0   5   1 114  15   0   1]
 [ 23   2   9  52  27 271  36   8]
 [ 58  21  26   9   2  32 111  53]
 [ 26  30  50  21   7  47  65 181]]
Normalized Confusion Matrix:
 [[ 73.76   7.09   0.71   4.96   0.     4.96   7.8    0.71]
 [ 15.38  53.85  11.54   1.28   0.     2.56  10.26   5.13]
 [  2.81   8.42  58.25   2.46   0.     2.11   8.07  17.89]
 [  2.94   1.47   7.35  52.94   1.47  17.65   5.88  10.29]
 [  0.     0.     3.68   0.74  83.82  11.03   0.     0.74]
 [  5.37   0.47   2.1   12.15   6.31  63.32   8.41   1.87]
 [ 18.59   6.73   8.33   2.88   0.64  10.26  35.58  16.99]
 [  6.09   7.03  11.71   4.92   1.64  11.01  15.22  42.39]]