Train Shapes (X, y):  (3200, 21), (3200,)
Test Shapes (X, y):  (1577, 21), (1577,)
Unique classes: ['AGN' 'Blazar' 'CV' 'Flare' 'HPM' 'Non-Transient' 'Other' 'SN']
Unique count: [285 156 524 125 268 703 436 703]
Best Params: {'hidden_layer_sizes': (100, 100), 'activation': 'relu', 'alpha': 0.001, 'learning_rate': 'constant'}
Validation Accuracy: 0.5312
Test Accuracy: 0.5859
Report:
                precision    recall  f1-score   support

          AGN     0.5075    0.7234    0.5965       141
       Blazar     0.5789    0.2895    0.3860        76
           CV     0.7195    0.6163    0.6639       258
        Flare     0.5357    0.2419    0.3333        62
          HPM     0.9000    0.7500    0.8182       132
Non-Transient     0.5405    0.8271    0.6538       347
        Other     0.6364    0.0654    0.1186       214
           SN     0.5305    0.6513    0.5847       347

  avg / total     0.6094    0.5859    0.5508      1577
Confusion Matrix:
 [[102   2   1   1   0  26   1   8]
 [ 14  22  17   0   0   2   0  21]
 [  8   7 159   3   1   8   3  69]
 [  2   0   1  15   0  36   0   8]
 [  1   0   0   0  99  32   0   0]
 [ 13   0   3   8   7 287   0  29]
 [ 47   5  17   1   0  65  14  65]
 [ 14   2  23   0   3  75   4 226]]
Normalized Confusion Matrix:
 [[ 72.34   1.42   0.71   0.71   0.    18.44   0.71   5.67]
 [ 18.42  28.95  22.37   0.     0.     2.63   0.    27.63]
 [  3.1    2.71  61.63   1.16   0.39   3.1    1.16  26.74]
 [  3.23   0.     1.61  24.19   0.    58.06   0.    12.9 ]
 [  0.76   0.     0.     0.    75.    24.24   0.     0.  ]
 [  3.75   0.     0.86   2.31   2.02  82.71   0.     8.36]
 [ 21.96   2.34   7.94   0.47   0.    30.37   6.54  30.37]
 [  4.03   0.58   6.63   0.     0.86  21.61   1.15  65.13]]