Train Shapes (X, y):  (3804, 21), (3804,)
Test Shapes (X, y):  (1875, 21), (1875,)
Unique classes: ['AGN' 'Blazar' 'CV' 'Flare' 'HPM' 'Non-Transient' 'Other' 'SN']
Unique count: [286 159 577 139 276 867 632 868]
Best Params: {'C': 1000, 'kernel': 'rbf', 'gamma': 0.1}
Validation Accuracy: 0.5134
Test Accuracy: 0.5408
Report:
                precision    recall  f1-score   support

          AGN     0.4353    0.7872    0.5606       141
       Blazar     0.2828    0.5256    0.3677        78
           CV     0.6974    0.5579    0.6199       285
        Flare     0.2558    0.6471    0.3667        68
          HPM     0.7692    0.8824    0.8219       136
Non-Transient     0.6937    0.6192    0.6543       428
        Other     0.4407    0.3333    0.3796       312
           SN     0.5648    0.3981    0.4670       427

  avg / total     0.5759    0.5408    0.5435      1875
Confusion Matrix:
 [[111  10   0   7   0   6   6   1]
 [ 12  41   7   1   1   2   8   6]
 [ 10  24 159  10   2   5  24  51]
 [  3   0   3  44   1   9   5   3]
 [  0   0   0   2 120  14   0   0]
 [ 37   2   5  60  24 265  24  11]
 [ 54  30  14  17   0  34 104  59]
 [ 28  38  40  31   8  47  65 170]]
Normalized Confusion Matrix:
 [[ 78.72   7.09   0.     4.96   0.     4.26   4.26   0.71]
 [ 15.38  52.56   8.97   1.28   1.28   2.56  10.26   7.69]
 [  3.51   8.42  55.79   3.51   0.7    1.75   8.42  17.89]
 [  4.41   0.     4.41  64.71   1.47  13.24   7.35   4.41]
 [  0.     0.     0.     1.47  88.24  10.29   0.     0.  ]
 [  8.64   0.47   1.17  14.02   5.61  61.92   5.61   2.57]
 [ 17.31   9.62   4.49   5.45   0.    10.9   33.33  18.91]
 [  6.56   8.9    9.37   7.26   1.87  11.01  15.22  39.81]]