Train Shapes (X, y):  (3804, 31), (3804,)
Test Shapes (X, y):  (1875, 31), (1875,)
Unique classes: ['AGN' 'Blazar' 'CV' 'Flare' 'HPM' 'Non-Transient' 'Other' 'SN']
Unique count: [286 159 577 139 276 867 632 868]
Best Params: {'C': 1000, 'kernel': 'rbf', 'gamma': 0.1}
Validation Accuracy: 0.5121
Test Accuracy: 0.5339
Report:
                precision    recall  f1-score   support

          AGN     0.4353    0.7872    0.5606       141
       Blazar     0.2867    0.5256    0.3710        78
           CV     0.6957    0.5614    0.6214       285
        Flare     0.2500    0.6471    0.3607        68
          HPM     0.7564    0.8676    0.8082       136
Non-Transient     0.6917    0.6238    0.6560       428
        Other     0.4152    0.2981    0.3470       312
           SN     0.5475    0.3911    0.4563       427

  avg / total     0.5660    0.5339    0.5351      1875
Confusion Matrix:
 [[111  10   0   7   0   6   6   1]
 [ 12  41   7   1   1   2   8   6]
 [ 10  23 160  10   2   4  23  53]
 [  3   0   3  44   1   9   5   3]
 [  0   0   0   4 118  14   0   0]
 [ 37   2   5  60  24 267  22  11]
 [ 54  31  16  18   0  36  93  64]
 [ 28  36  39  32  10  48  67 167]]
Normalized Confusion Matrix:
 [[ 78.72   7.09   0.     4.96   0.     4.26   4.26   0.71]
 [ 15.38  52.56   8.97   1.28   1.28   2.56  10.26   7.69]
 [  3.51   8.07  56.14   3.51   0.7    1.4    8.07  18.6 ]
 [  4.41   0.     4.41  64.71   1.47  13.24   7.35   4.41]
 [  0.     0.     0.     2.94  86.76  10.29   0.     0.  ]
 [  8.64   0.47   1.17  14.02   5.61  62.38   5.14   2.57]
 [ 17.31   9.94   5.13   5.77   0.    11.54  29.81  20.51]
 [  6.56   8.43   9.13   7.49   2.34  11.24  15.69  39.11]]