Train Shapes (X, y):  (3200, 21), (3200,)
Test Shapes (X, y):  (1577, 21), (1577,)
Unique classes: ['AGN' 'Blazar' 'CV' 'Flare' 'HPM' 'Non-Transient' 'Other' 'SN']
Unique count: [285 156 524 125 268 703 436 703]
Best Params: {'C': 1000, 'kernel': 'rbf', 'gamma': 0.1}
Validation Accuracy: 0.5372
Test Accuracy: 0.5828
Report:
                precision    recall  f1-score   support

          AGN     0.5202    0.8227    0.6374       141
       Blazar     0.3411    0.5789    0.4293        76
           CV     0.7653    0.6318    0.6921       258
        Flare     0.3279    0.6452    0.4348        62
          HPM     0.8298    0.8864    0.8571       132
Non-Transient     0.6629    0.6801    0.6714       347
        Other     0.3567    0.2850    0.3169       214
           SN     0.6396    0.4092    0.4991       347

  avg / total     0.6055    0.5828    0.5803      1577
Confusion Matrix:
 [[116   6   0   4   0   7   8   0]
 [ 11  44   6   1   0   0   9   5]
 [  6  26 163   5   1   2  16  39]
 [  3   0   1  40   0  17   1   0]
 [  1   0   1   1 117  12   0   0]
 [ 17   0   6  39  15 236  26   8]
 [ 46  25   6   9   3  36  61  28]
 [ 23  28  30  23   5  46  50 142]]
Normalized Confusion Matrix:
 [[ 82.27   4.26   0.     2.84   0.     4.96   5.67   0.  ]
 [ 14.47  57.89   7.89   1.32   0.     0.    11.84   6.58]
 [  2.33  10.08  63.18   1.94   0.39   0.78   6.2   15.12]
 [  4.84   0.     1.61  64.52   0.    27.42   1.61   0.  ]
 [  0.76   0.     0.76   0.76  88.64   9.09   0.     0.  ]
 [  4.9    0.     1.73  11.24   4.32  68.01   7.49   2.31]
 [ 21.5   11.68   2.8    4.21   1.4   16.82  28.5   13.08]
 [  6.63   8.07   8.65   6.63   1.44  13.26  14.41  40.92]]