Train Shapes (X, y):  (3804, 31), (3804,)
Test Shapes (X, y):  (1875, 31), (1875,)
Unique classes: ['AGN' 'Blazar' 'CV' 'Flare' 'HPM' 'Non-Transient' 'Other' 'SN']
Unique count: [286 159 577 139 276 867 632 868]
Best Params: {'hidden_layer_sizes': (100, 100), 'activation': 'relu', 'alpha': 0.0001, 'learning_rate': 'constant'}
Validation Accuracy: 0.5105
Test Accuracy: 0.5147
Report:
                precision    recall  f1-score   support

          AGN     0.4637    0.5887    0.5188       141
       Blazar     0.5000    0.1154    0.1875        78
           CV     0.5515    0.6386    0.5919       285
        Flare     0.5882    0.1471    0.2353        68
          HPM     0.6516    0.7426    0.6942       136
Non-Transient     0.5684    0.6308    0.5980       428
        Other     0.4472    0.2308    0.3044       312
           SN     0.4407    0.5574    0.4922       427

  avg / total     0.5126    0.5147    0.4949      1875
Confusion Matrix:
 [[ 83   2   4   0   0  22   7  23]
 [  7   9  21   0   0   6   9  26]
 [  4   3 182   2   0  20   7  67]
 [  4   0   8  10   0  31   5  10]
 [  0   0   1   0 101  33   0   1]
 [ 27   0  11   3  51 270  19  47]
 [ 37   2  38   0   1  34  72 128]
 [ 17   2  65   2   2  59  42 238]]
Normalized Confusion Matrix:
 [[ 58.87   1.42   2.84   0.     0.    15.6    4.96  16.31]
 [  8.97  11.54  26.92   0.     0.     7.69  11.54  33.33]
 [  1.4    1.05  63.86   0.7    0.     7.02   2.46  23.51]
 [  5.88   0.    11.76  14.71   0.    45.59   7.35  14.71]
 [  0.     0.     0.74   0.    74.26  24.26   0.     0.74]
 [  6.31   0.     2.57   0.7   11.92  63.08   4.44  10.98]
 [ 11.86   0.64  12.18   0.     0.32  10.9   23.08  41.03]
 [  3.98   0.47  15.22   0.47   0.47  13.82   9.84  55.74]]