Train Shapes (X, y):  (3200, 27), (3200,)
Test Shapes (X, y):  (1577, 27), (1577,)
Unique classes: ['AGN' 'Blazar' 'CV' 'Flare' 'HPM' 'Non-Transient' 'Other' 'SN']
Unique count: [285 156 524 125 268 703 436 703]
Best Params: {'C': 100, 'kernel': 'rbf', 'gamma': 0.01}
Validation Accuracy: 0.5456
Test Accuracy: 0.5897
Report:
                precision    recall  f1-score   support

          AGN     0.5417    0.8298    0.6555       141
       Blazar     0.3554    0.5658    0.4365        76
           CV     0.7380    0.6550    0.6940       258
        Flare     0.3125    0.5645    0.4023        62
          HPM     0.8712    0.8712    0.8712       132
Non-Transient     0.6505    0.6974    0.6732       347
        Other     0.3665    0.3271    0.3457       214
           SN     0.6814    0.4006    0.5045       347

  avg / total     0.6143    0.5897    0.5880      1577
Confusion Matrix:
 [[117   7   0   5   0   6   6   0]
 [ 11  43   9   1   0   0   8   4]
 [  7  22 169   4   1   3  20  32]
 [  2   1   1  35   0  21   1   1]
 [  1   0   1   1 115  14   0   0]
 [ 17   0   4  34  11 242  31   8]
 [ 44  21   5  12   3  39  70  20]
 [ 17  27  40  20   2  47  55 139]]
Normalized Confusion Matrix:
 [[ 82.98   4.96   0.     3.55   0.     4.26   4.26   0.  ]
 [ 14.47  56.58  11.84   1.32   0.     0.    10.53   5.26]
 [  2.71   8.53  65.5    1.55   0.39   1.16   7.75  12.4 ]
 [  3.23   1.61   1.61  56.45   0.    33.87   1.61   1.61]
 [  0.76   0.     0.76   0.76  87.12  10.61   0.     0.  ]
 [  4.9    0.     1.15   9.8    3.17  69.74   8.93   2.31]
 [ 20.56   9.81   2.34   5.61   1.4   18.22  32.71   9.35]
 [  4.9    7.78  11.53   5.76   0.58  13.54  15.85  40.06]]