Train Shapes (X, y):  (3804, 31), (3804,)
Test Shapes (X, y):  (1875, 31), (1875,)
Unique classes: ['AGN' 'Blazar' 'CV' 'Flare' 'HPM' 'Non-Transient' 'Other' 'SN']
Unique count: [286 159 577 139 276 867 632 868]
Best Params: {'hidden_layer_sizes': 100, 'activation': 'relu', 'alpha': 0.0001, 'learning_rate': 'constant'}
Validation Accuracy: 0.5710
Test Accuracy: 0.5888
Report:
                precision    recall  f1-score   support

          AGN     0.5278    0.6738    0.5919       141
       Blazar     0.5610    0.2949    0.3866        78
           CV     0.6975    0.5825    0.6348       285
        Flare     0.5455    0.2647    0.3564        68
          HPM     0.8731    0.8603    0.8667       136
Non-Transient     0.6277    0.8154    0.7093       428
        Other     0.4615    0.3462    0.3956       312
           SN     0.4967    0.5340    0.5147       427

  avg / total     0.5854    0.5888    0.5778      1875
Confusion Matrix:
 [[ 95   2   2   3   0  20  11   8]
 [ 13  23  13   0   0   2  10  17]
 [  4   7 166   4   0  14  19  71]
 [  1   0   6  18   1  26   5  11]
 [  0   0   0   0 117  18   0   1]
 [ 14   1   4   4  13 349  16  27]
 [ 40   4   9   0   1  54 108  96]
 [ 13   4  38   4   2  73  65 228]]
Normalized Confusion Matrix:
 [[ 67.38   1.42   1.42   2.13   0.    14.18   7.8    5.67]
 [ 16.67  29.49  16.67   0.     0.     2.56  12.82  21.79]
 [  1.4    2.46  58.25   1.4    0.     4.91   6.67  24.91]
 [  1.47   0.     8.82  26.47   1.47  38.24   7.35  16.18]
 [  0.     0.     0.     0.    86.03  13.24   0.     0.74]
 [  3.27   0.23   0.93   0.93   3.04  81.54   3.74   6.31]
 [ 12.82   1.28   2.88   0.     0.32  17.31  34.62  30.77]
 [  3.04   0.94   8.9    0.94   0.47  17.1   15.22  53.4 ]]