Train Shapes (X, y):  (3200, 31), (3200,)
Test Shapes (X, y):  (1577, 31), (1577,)
Unique classes: ['AGN' 'Blazar' 'CV' 'Flare' 'HPM' 'Non-Transient' 'Other' 'SN']
Unique count: [285 156 524 125 268 703 436 703]
Best Params: {'max_features': 'auto', 'n_estimators': 700}
Validation Accuracy: 0.6587
Test Accuracy: 0.6817
Report:
                precision    recall  f1-score   support

          AGN     0.7133    0.7234    0.7183       141
       Blazar     0.6757    0.3289    0.4425        76
           CV     0.7558    0.7558    0.7558       258
        Flare     0.6667    0.3548    0.4632        62
          HPM     0.9360    0.8864    0.9105       132
Non-Transient     0.6674    0.9020    0.7672       347
        Other     0.4897    0.3318    0.3955       214
           SN     0.6267    0.6628    0.6443       347

  avg / total     0.6757    0.6817    0.6679      1577
Confusion Matrix:
 [[102   4   1   0   0  10  20   4]
 [  9  25  14   0   0   0  11  17]
 [  1   4 195   1   2   5  12  38]
 [  1   0   4  22   0  27   1   7]
 [  1   0   0   0 117  14   0   0]
 [  1   0   3   5   2 313  10  13]
 [ 28   3  18   2   2  32  71  58]
 [  0   1  23   3   2  68  20 230]]
Normalized Confusion Matrix:
 [[ 72.34   2.84   0.71   0.     0.     7.09  14.18   2.84]
 [ 11.84  32.89  18.42   0.     0.     0.    14.47  22.37]
 [  0.39   1.55  75.58   0.39   0.78   1.94   4.65  14.73]
 [  1.61   0.     6.45  35.48   0.    43.55   1.61  11.29]
 [  0.76   0.     0.     0.    88.64  10.61   0.     0.  ]
 [  0.29   0.     0.86   1.44   0.58  90.2    2.88   3.75]
 [ 13.08   1.4    8.41   0.93   0.93  14.95  33.18  27.1 ]
 [  0.     0.29   6.63   0.86   0.58  19.6    5.76  66.28]]