Train Shapes (X, y):  (3200, 31), (3200,)
Test Shapes (X, y):  (1577, 31), (1577,)
Unique classes: ['AGN' 'Blazar' 'CV' 'Flare' 'HPM' 'Non-Transient' 'Other' 'SN']
Unique count: [285 156 524 125 268 703 436 703]
Best Params: {'C': 1000, 'kernel': 'rbf', 'gamma': 0.1}
Validation Accuracy: 0.5356
Test Accuracy: 0.5840
Report:
                precision    recall  f1-score   support

          AGN     0.5179    0.8227    0.6356       141
       Blazar     0.3492    0.5789    0.4356        76
           CV     0.7710    0.6395    0.6992       258
        Flare     0.3223    0.6290    0.4262        62
          HPM     0.8417    0.8864    0.8635       132
Non-Transient     0.6565    0.6830    0.6695       347
        Other     0.3516    0.2991    0.3232       214
           SN     0.6619    0.4006    0.4991       347

  avg / total     0.6102    0.5840    0.5822      1577
Confusion Matrix:
 [[116   6   0   4   0   7   8   0]
 [ 11  44   6   1   0   0   9   5]
 [  6  26 165   4   1   3  17  36]
 [  3   0   1  39   0  17   1   1]
 [  1   0   1   1 117  12   0   0]
 [ 17   0   6  39  15 237  28   5]
 [ 46  25   6  10   2  37  64  24]
 [ 24  25  29  23   4  48  55 139]]
Normalized Confusion Matrix:
 [[ 82.27   4.26   0.     2.84   0.     4.96   5.67   0.  ]
 [ 14.47  57.89   7.89   1.32   0.     0.    11.84   6.58]
 [  2.33  10.08  63.95   1.55   0.39   1.16   6.59  13.95]
 [  4.84   0.     1.61  62.9    0.    27.42   1.61   1.61]
 [  0.76   0.     0.76   0.76  88.64   9.09   0.     0.  ]
 [  4.9    0.     1.73  11.24   4.32  68.3    8.07   1.44]
 [ 21.5   11.68   2.8    4.67   0.93  17.29  29.91  11.21]
 [  6.92   7.2    8.36   6.63   1.15  13.83  15.85  40.06]]