Train Shapes (X, y):  (3200, 21), (3200,)
Test Shapes (X, y):  (1577, 21), (1577,)
Unique classes: ['AGN' 'Blazar' 'CV' 'Flare' 'HPM' 'Non-Transient' 'Other' 'SN']
Unique count: [285 156 524 125 268 703 436 703]
Best Params: {'max_features': 'auto', 'n_estimators': 700}
Validation Accuracy: 0.6100
Test Accuracy: 0.6360
Report:
                precision    recall  f1-score   support

          AGN     0.6597    0.6738    0.6667       141
       Blazar     0.6429    0.3553    0.4576        76
           CV     0.7384    0.6783    0.7071       258
        Flare     0.5758    0.3065    0.4000        62
          HPM     0.9262    0.8561    0.8898       132
Non-Transient     0.6136    0.8329    0.7066       347
        Other     0.4889    0.3084    0.3782       214
           SN     0.5573    0.6311    0.5919       347

  avg / total     0.6349    0.6360    0.6246      1577
Confusion Matrix:
 [[ 95   4   2   2   0  15  16   7]
 [  8  27  14   0   0   1   7  19]
 [  1   4 175   1   0   6  10  61]
 [  0   0   3  19   0  32   1   7]
 [  1   0   0   0 113  18   0   0]
 [  6   0   2   6   5 289  15  24]
 [ 27   5  14   1   1  44  66  56]
 [  6   2  27   4   3  66  20 219]]
Normalized Confusion Matrix:
 [[ 67.38   2.84   1.42   1.42   0.    10.64  11.35   4.96]
 [ 10.53  35.53  18.42   0.     0.     1.32   9.21  25.  ]
 [  0.39   1.55  67.83   0.39   0.     2.33   3.88  23.64]
 [  0.     0.     4.84  30.65   0.    51.61   1.61  11.29]
 [  0.76   0.     0.     0.    85.61  13.64   0.     0.  ]
 [  1.73   0.     0.58   1.73   1.44  83.29   4.32   6.92]
 [ 12.62   2.34   6.54   0.47   0.47  20.56  30.84  26.17]
 [  1.73   0.58   7.78   1.15   0.86  19.02   5.76  63.11]]