Train Shapes (X, y):  (3200, 27), (3200,)
Test Shapes (X, y):  (1577, 27), (1577,)
Unique classes: ['AGN' 'Blazar' 'CV' 'Flare' 'HPM' 'Non-Transient' 'Other' 'SN']
Unique count: [285 156 524 125 268 703 436 703]
Best Params: {'max_features': 'auto', 'n_estimators': 700}
Validation Accuracy: 0.6609
Test Accuracy: 0.6823
Report:
                precision    recall  f1-score   support

          AGN     0.7153    0.7305    0.7228       141
       Blazar     0.6667    0.3421    0.4522        76
           CV     0.7636    0.7636    0.7636       258
        Flare     0.6571    0.3710    0.4742        62
          HPM     0.9291    0.8939    0.9112       132
Non-Transient     0.6725    0.8934    0.7673       347
        Other     0.4800    0.3364    0.3956       214
           SN     0.6253    0.6542    0.6394       347

  avg / total     0.6753    0.6823    0.6695      1577
Confusion Matrix:
 [[103   4   1   0   0   9  20   4]
 [  9  26  13   0   0   0  10  18]
 [  1   5 197   1   2   4  12  36]
 [  1   0   3  23   0  26   1   8]
 [  1   0   0   1 118  12   0   0]
 [  1   0   3   5   3 310  12  13]
 [ 27   4  18   2   2  32  72  57]
 [  1   0  23   3   2  68  23 227]]
Normalized Confusion Matrix:
 [[ 73.05   2.84   0.71   0.     0.     6.38  14.18   2.84]
 [ 11.84  34.21  17.11   0.     0.     0.    13.16  23.68]
 [  0.39   1.94  76.36   0.39   0.78   1.55   4.65  13.95]
 [  1.61   0.     4.84  37.1    0.    41.94   1.61  12.9 ]
 [  0.76   0.     0.     0.76  89.39   9.09   0.     0.  ]
 [  0.29   0.     0.86   1.44   0.86  89.34   3.46   3.75]
 [ 12.62   1.87   8.41   0.93   0.93  14.95  33.64  26.64]
 [  0.29   0.     6.63   0.86   0.58  19.6    6.63  65.42]]