Train Shapes (X, y):  (3200, 27), (3200,)
Test Shapes (X, y):  (1577, 27), (1577,)
Unique classes: ['AGN' 'Blazar' 'CV' 'Flare' 'HPM' 'Non-Transient' 'Other' 'SN']
Unique count: [285 156 524 125 268 703 436 703]
Best Params: {'hidden_layer_sizes': 100, 'activation': 'relu', 'alpha': 0.0001, 'learning_rate': 'constant'}
Validation Accuracy: 0.5756
Test Accuracy: 0.6113
Report:
                precision    recall  f1-score   support

          AGN     0.5938    0.6738    0.6312       141
       Blazar     0.5686    0.3816    0.4567        76
           CV     0.6908    0.6667    0.6785       258
        Flare     0.4000    0.2581    0.3137        62
          HPM     0.9113    0.8561    0.8828       132
Non-Transient     0.6106    0.7954    0.6909       347
        Other     0.3864    0.3178    0.3487       214
           SN     0.6000    0.5620    0.5804       347

  avg / total     0.6043    0.6113    0.6027      1577
Confusion Matrix:
 [[ 95   3   2   2   0   9  22   8]
 [ 11  29  16   1   0   0  11   8]
 [  6   9 172   2   0   6  14  49]
 [  1   1   2  16   0  33   2   7]
 [  1   0   0   1 113  17   0   0]
 [ 10   0   3  10   7 276  26  15]
 [ 28   8  15   3   2  47  68  43]
 [  8   1  39   5   2  64  33 195]]
Normalized Confusion Matrix:
 [[ 67.38   2.13   1.42   1.42   0.     6.38  15.6    5.67]
 [ 14.47  38.16  21.05   1.32   0.     0.    14.47  10.53]
 [  2.33   3.49  66.67   0.78   0.     2.33   5.43  18.99]
 [  1.61   1.61   3.23  25.81   0.    53.23   3.23  11.29]
 [  0.76   0.     0.     0.76  85.61  12.88   0.     0.  ]
 [  2.88   0.     0.86   2.88   2.02  79.54   7.49   4.32]
 [ 13.08   3.74   7.01   1.4    0.93  21.96  31.78  20.09]
 [  2.31   0.29  11.24   1.44   0.58  18.44   9.51  56.2 ]]