Train Shapes (X, y):  (3200, 21), (3200,)
Test Shapes (X, y):  (1577, 21), (1577,)
Unique classes: ['AGN' 'Blazar' 'CV' 'Flare' 'HPM' 'Non-Transient' 'Other' 'SN']
Unique count: [285 156 524 125 268 703 436 703]
Best Params: {'hidden_layer_sizes': 100, 'activation': 'relu', 'alpha': 0.01, 'learning_rate': 'constant'}
Validation Accuracy: 0.5787
Test Accuracy: 0.6132
Report:
                precision    recall  f1-score   support

          AGN     0.5829    0.7234    0.6456       141
       Blazar     0.5490    0.3684    0.4409        76
           CV     0.7039    0.6357    0.6680       258
        Flare     0.4348    0.3226    0.3704        62
          HPM     0.9237    0.8258    0.8720       132
Non-Transient     0.6089    0.7896    0.6876       347
        Other     0.4481    0.3224    0.3750       214
           SN     0.5743    0.5793    0.5768       347

  avg / total     0.6093    0.6132    0.6049      1577
Confusion Matrix:
 [[102   3   3   2   0  14  12   5]
 [  8  28  16   0   0   0  11  13]
 [  5  13 164   1   0   6  10  59]
 [  2   0   1  20   0  32   0   7]
 [  1   0   0   1 109  20   0   1]
 [ 14   0   3  13   6 274  19  18]
 [ 31   6  14   2   2  44  69  46]
 [ 12   1  32   7   1  60  33 201]]
Normalized Confusion Matrix:
 [[ 72.34   2.13   2.13   1.42   0.     9.93   8.51   3.55]
 [ 10.53  36.84  21.05   0.     0.     0.    14.47  17.11]
 [  1.94   5.04  63.57   0.39   0.     2.33   3.88  22.87]
 [  3.23   0.     1.61  32.26   0.    51.61   0.    11.29]
 [  0.76   0.     0.     0.76  82.58  15.15   0.     0.76]
 [  4.03   0.     0.86   3.75   1.73  78.96   5.48   5.19]
 [ 14.49   2.8    6.54   0.93   0.93  20.56  32.24  21.5 ]
 [  3.46   0.29   9.22   2.02   0.29  17.29   9.51  57.93]]