Train Shapes (X, y):  (3200, 21), (3200,)
Test Shapes (X, y):  (1577, 21), (1577,)
Unique classes: ['AGN' 'Blazar' 'CV' 'Flare' 'HPM' 'Non-Transient' 'Other' 'SN']
Unique count: [285 156 524 125 268 703 436 703]
Best Params: {'C': 100, 'kernel': 'rbf', 'gamma': 0.01}
Validation Accuracy: 0.5447
Test Accuracy: 0.5866
Report:
                precision    recall  f1-score   support

          AGN     0.5249    0.8227    0.6409       141
       Blazar     0.3440    0.5658    0.4279        76
           CV     0.7376    0.6318    0.6806       258
        Flare     0.3274    0.5968    0.4229        62
          HPM     0.8788    0.8788    0.8788       132
Non-Transient     0.6685    0.6916    0.6799       347
        Other     0.3600    0.2944    0.3239       214
           SN     0.6364    0.4236    0.5087       347

  avg / total     0.6066    0.5866    0.5849      1577
Confusion Matrix:
 [[116   7   1   5   0   6   5   1]
 [ 11  43   9   1   0   0   6   6]
 [  8  21 163   4   1   4  17  40]
 [  2   1   1  37   0  19   1   1]
 [  1   0   0   1 116  14   0   0]
 [ 17   0   5  33  11 240  31  10]
 [ 45  24   8  12   3  33  63  26]
 [ 21  29  34  20   1  43  52 147]]
Normalized Confusion Matrix:
 [[ 82.27   4.96   0.71   3.55   0.     4.26   3.55   0.71]
 [ 14.47  56.58  11.84   1.32   0.     0.     7.89   7.89]
 [  3.1    8.14  63.18   1.55   0.39   1.55   6.59  15.5 ]
 [  3.23   1.61   1.61  59.68   0.    30.65   1.61   1.61]
 [  0.76   0.     0.     0.76  87.88  10.61   0.     0.  ]
 [  4.9    0.     1.44   9.51   3.17  69.16   8.93   2.88]
 [ 21.03  11.21   3.74   5.61   1.4   15.42  29.44  12.15]
 [  6.05   8.36   9.8    5.76   0.29  12.39  14.99  42.36]]