Train Shapes (X, y):  (3200, 27), (3200,)
Test Shapes (X, y):  (1577, 27), (1577,)
Unique classes: ['AGN' 'Blazar' 'CV' 'Flare' 'HPM' 'Non-Transient' 'Other' 'SN']
Unique count: [285 156 524 125 268 703 436 703]
Best Params: {'C': 1000, 'kernel': 'rbf', 'gamma': 0.1}
Validation Accuracy: 0.5353
Test Accuracy: 0.5821
Report:
                precision    recall  f1-score   support

          AGN     0.5179    0.8227    0.6356       141
       Blazar     0.3492    0.5789    0.4356        76
           CV     0.7593    0.6357    0.6920       258
        Flare     0.3223    0.6290    0.4262        62
          HPM     0.8417    0.8864    0.8635       132
Non-Transient     0.6574    0.6801    0.6686       347
        Other     0.3552    0.3037    0.3275       214
           SN     0.6555    0.3948    0.4928       347

  avg / total     0.6076    0.5821    0.5800      1577
Confusion Matrix:
 [[116   6   0   4   0   7   8   0]
 [ 11  44   6   1   0   0   9   5]
 [  6  26 164   4   1   2  18  37]
 [  3   0   1  39   0  17   1   1]
 [  1   0   1   1 117  12   0   0]
 [ 17   0   6  39  15 236  28   6]
 [ 46  25   6  10   2  37  65  23]
 [ 24  25  32  23   4  48  54 137]]
Normalized Confusion Matrix:
 [[ 82.27   4.26   0.     2.84   0.     4.96   5.67   0.  ]
 [ 14.47  57.89   7.89   1.32   0.     0.    11.84   6.58]
 [  2.33  10.08  63.57   1.55   0.39   0.78   6.98  14.34]
 [  4.84   0.     1.61  62.9    0.    27.42   1.61   1.61]
 [  0.76   0.     0.76   0.76  88.64   9.09   0.     0.  ]
 [  4.9    0.     1.73  11.24   4.32  68.01   8.07   1.73]
 [ 21.5   11.68   2.8    4.67   0.93  17.29  30.37  10.75]
 [  6.92   7.2    9.22   6.63   1.15  13.83  15.56  39.48]]