Train Shapes (X, y):  (3804, 27), (3804,)
Test Shapes (X, y):  (1875, 27), (1875,)
Unique classes: ['AGN' 'Blazar' 'CV' 'Flare' 'HPM' 'Non-Transient' 'Other' 'SN']
Unique count: [286 159 577 139 276 867 632 868]
Best Params: {'hidden_layer_sizes': 100, 'activation': 'relu', 'alpha': 0.1, 'learning_rate': 'constant'}
Validation Accuracy: 0.5715
Test Accuracy: 0.5941
Report:
                precision    recall  f1-score   support

          AGN     0.5307    0.6738    0.5938       141
       Blazar     0.4884    0.2692    0.3471        78
           CV     0.7012    0.6175    0.6567       285
        Flare     0.5135    0.2794    0.3619        68
          HPM     0.8837    0.8382    0.8604       136
Non-Transient     0.6205    0.8364    0.7124       428
        Other     0.4839    0.2885    0.3614       312
           SN     0.5095    0.5644    0.5356       427

  avg / total     0.5877    0.5941    0.5792      1875
Confusion Matrix:
 [[ 95   4   2   3   0  21   7   9]
 [ 13  21  16   0   0   3   7  18]
 [  4   6 176   2   0  16  17  64]
 [  1   0   5  19   1  27   4  11]
 [  0   0   0   0 114  19   0   3]
 [ 10   1   5   8  11 358  15  20]
 [ 40   8   9   0   1  57  90 107]
 [ 16   3  38   5   2  76  46 241]]
Normalized Confusion Matrix:
 [[ 67.38   2.84   1.42   2.13   0.    14.89   4.96   6.38]
 [ 16.67  26.92  20.51   0.     0.     3.85   8.97  23.08]
 [  1.4    2.11  61.75   0.7    0.     5.61   5.96  22.46]
 [  1.47   0.     7.35  27.94   1.47  39.71   5.88  16.18]
 [  0.     0.     0.     0.    83.82  13.97   0.     2.21]
 [  2.34   0.23   1.17   1.87   2.57  83.64   3.5    4.67]
 [ 12.82   2.56   2.88   0.     0.32  18.27  28.85  34.29]
 [  3.75   0.7    8.9    1.17   0.47  17.8   10.77  56.44]]