Train Shapes (X, y):  (3200, 31), (3200,)
Test Shapes (X, y):  (1577, 31), (1577,)
Unique classes: ['AGN' 'Blazar' 'CV' 'Flare' 'HPM' 'Non-Transient' 'Other' 'SN']
Unique count: [285 156 524 125 268 703 436 703]
Best Params: {'hidden_layer_sizes': 100, 'activation': 'relu', 'alpha': 0.1, 'learning_rate': 'constant'}
Validation Accuracy: 0.5813
Test Accuracy: 0.6214
Report:
                precision    recall  f1-score   support

          AGN     0.5814    0.7092    0.6390       141
       Blazar     0.5455    0.3947    0.4580        76
           CV     0.7231    0.6783    0.7000       258
        Flare     0.4615    0.2903    0.3564        62
          HPM     0.8908    0.8030    0.8446       132
Non-Transient     0.6047    0.8242    0.6976       347
        Other     0.4371    0.3084    0.3616       214
           SN     0.6104    0.5735    0.5914       347

  avg / total     0.6160    0.6214    0.6111      1577
Confusion Matrix:
 [[100   6   3   2   0  13  12   5]
 [ 11  30  18   1   0   0   6  10]
 [  6   8 175   1   1   6  12  49]
 [  1   0   3  18   0  32   1   7]
 [  1   0   0   0 106  25   0   0]
 [ 12   0   2   9   6 286  21  11]
 [ 32  10  12   3   2  44  66  45]
 [  9   1  29   5   4  67  33 199]]
Normalized Confusion Matrix:
 [[ 70.92   4.26   2.13   1.42   0.     9.22   8.51   3.55]
 [ 14.47  39.47  23.68   1.32   0.     0.     7.89  13.16]
 [  2.33   3.1   67.83   0.39   0.39   2.33   4.65  18.99]
 [  1.61   0.     4.84  29.03   0.    51.61   1.61  11.29]
 [  0.76   0.     0.     0.    80.3   18.94   0.     0.  ]
 [  3.46   0.     0.58   2.59   1.73  82.42   6.05   3.17]
 [ 14.95   4.67   5.61   1.4    0.93  20.56  30.84  21.03]
 [  2.59   0.29   8.36   1.44   1.15  19.31   9.51  57.35]]