Train Shapes (X, y):  (3200, 27), (3200,)
Test Shapes (X, y):  (1577, 27), (1577,)
Unique classes: ['AGN' 'Blazar' 'CV' 'Flare' 'HPM' 'Non-Transient' 'Other' 'SN']
Unique count: [285 156 524 125 268 703 436 703]
Best Params: {'hidden_layer_sizes': (100, 100), 'activation': 'relu', 'alpha': 0.1, 'learning_rate': 'constant'}
Validation Accuracy: 0.5122
Test Accuracy: 0.5935
Report:
                precision    recall  f1-score   support

          AGN     0.5660    0.6383    0.6000       141
       Blazar     0.5882    0.2632    0.3636        76
           CV     0.7174    0.6395    0.6762       258
        Flare     0.4545    0.2419    0.3158        62
          HPM     0.8974    0.7955    0.8434       132
Non-Transient     0.5301    0.8617    0.6564       347
        Other     0.5745    0.1262    0.2069       214
           SN     0.5471    0.6196    0.5811       347

  avg / total     0.6043    0.5935    0.5652      1577
Confusion Matrix:
 [[ 90   2   1   2   0  32   8   6]
 [ 13  20  19   0   0   3   1  20]
 [  4   5 165   3   1  11   6  63]
 [  1   0   1  15   0  37   0   8]
 [  1   0   0   0 105  26   0   0]
 [  4   0   3   9   8 299   1  23]
 [ 35   5  12   2   1  74  27  58]
 [ 11   2  29   2   2  82   4 215]]
Normalized Confusion Matrix:
 [[ 63.83   1.42   0.71   1.42   0.    22.7    5.67   4.26]
 [ 17.11  26.32  25.     0.     0.     3.95   1.32  26.32]
 [  1.55   1.94  63.95   1.16   0.39   4.26   2.33  24.42]
 [  1.61   0.     1.61  24.19   0.    59.68   0.    12.9 ]
 [  0.76   0.     0.     0.    79.55  19.7    0.     0.  ]
 [  1.15   0.     0.86   2.59   2.31  86.17   0.29   6.63]
 [ 16.36   2.34   5.61   0.93   0.47  34.58  12.62  27.1 ]
 [  3.17   0.58   8.36   0.58   0.58  23.63   1.15  61.96]]