Train Shapes (X, y):  (3804, 21), (3804,)
Test Shapes (X, y):  (1875, 21), (1875,)
Unique classes: ['AGN' 'Blazar' 'CV' 'Flare' 'HPM' 'Non-Transient' 'Other' 'SN']
Unique count: [286 159 577 139 276 867 632 868]
Best Params: {'max_features': 'auto', 'n_estimators': 200}
Validation Accuracy: 0.6015
Test Accuracy: 0.6133
Report:
                precision    recall  f1-score   support

          AGN     0.6232    0.6099    0.6165       141
       Blazar     0.5094    0.3462    0.4122        78
           CV     0.6803    0.6421    0.6606       285
        Flare     0.7692    0.2941    0.4255        68
          HPM     0.8519    0.8456    0.8487       136
Non-Transient     0.6577    0.8037    0.7234       428
        Other     0.5100    0.4071    0.4528       312
           SN     0.5145    0.5808    0.5457       427

  avg / total     0.6133    0.6133    0.6057      1875
Confusion Matrix:
 [[ 86   5   4   0   0  15  24   7]
 [  9  27  14   0   0   3   9  16]
 [  2   8 183   2   0  12   9  69]
 [  1   0   7  20   1  26   2  11]
 [  0   0   0   0 115  19   1   1]
 [  8   0   5   2  12 344  26  31]
 [ 25   8  15   0   1  37 127  99]
 [  7   5  41   2   6  67  51 248]]
Normalized Confusion Matrix:
 [[ 60.99   3.55   2.84   0.     0.    10.64  17.02   4.96]
 [ 11.54  34.62  17.95   0.     0.     3.85  11.54  20.51]
 [  0.7    2.81  64.21   0.7    0.     4.21   3.16  24.21]
 [  1.47   0.    10.29  29.41   1.47  38.24   2.94  16.18]
 [  0.     0.     0.     0.    84.56  13.97   0.74   0.74]
 [  1.87   0.     1.17   0.47   2.8   80.37   6.07   7.24]
 [  8.01   2.56   4.81   0.     0.32  11.86  40.71  31.73]
 [  1.64   1.17   9.6    0.47   1.41  15.69  11.94  58.08]]