Train Shapes (X, y):  (3804, 27), (3804,)
Test Shapes (X, y):  (1875, 27), (1875,)
Unique classes: ['AGN' 'Blazar' 'CV' 'Flare' 'HPM' 'Non-Transient' 'Other' 'SN']
Unique count: [286 159 577 139 276 867 632 868]
Best Params: {'C': 1000, 'kernel': 'rbf', 'gamma': 0.01}
Validation Accuracy: 0.5187
Test Accuracy: 0.5477
Report:
                precision    recall  f1-score   support

          AGN     0.4464    0.7376    0.5561       141
       Blazar     0.3206    0.5385    0.4019        78
           CV     0.6284    0.5754    0.6007       285
        Flare     0.2667    0.5294    0.3547        68
          HPM     0.7600    0.8382    0.7972       136
Non-Transient     0.6878    0.6332    0.6594       428
        Other     0.4377    0.3718    0.4021       312
           SN     0.5882    0.4215    0.4911       427

  avg / total     0.5710    0.5477    0.5498      1875
Confusion Matrix:
 [[104  10   1   7   0   7  11   1]
 [ 12  42   9   1   0   2   8   4]
 [  8  24 164   7   0   7  24  51]
 [  2   1   5  36   1  12   5   6]
 [  0   0   5   1 114  15   0   1]
 [ 23   2   8  52  27 271  36   9]
 [ 58  22  20  10   1  31 116  54]
 [ 26  30  49  21   7  49  65 180]]
Normalized Confusion Matrix:
 [[ 73.76   7.09   0.71   4.96   0.     4.96   7.8    0.71]
 [ 15.38  53.85  11.54   1.28   0.     2.56  10.26   5.13]
 [  2.81   8.42  57.54   2.46   0.     2.46   8.42  17.89]
 [  2.94   1.47   7.35  52.94   1.47  17.65   7.35   8.82]
 [  0.     0.     3.68   0.74  83.82  11.03   0.     0.74]
 [  5.37   0.47   1.87  12.15   6.31  63.32   8.41   2.1 ]
 [ 18.59   7.05   6.41   3.21   0.32   9.94  37.18  17.31]
 [  6.09   7.03  11.48   4.92   1.64  11.48  15.22  42.15]]