Train Shapes (X, y):  (3804, 31), (3804,)
Test Shapes (X, y):  (1875, 31), (1875,)
Unique classes: ['AGN' 'Blazar' 'CV' 'Flare' 'HPM' 'Non-Transient' 'Other' 'SN']
Unique count: [286 159 577 139 276 867 632 868]
Best Params: {'max_features': 'log2', 'n_estimators': 700}
Validation Accuracy: 0.6285
Test Accuracy: 0.6475
Report:
                precision    recall  f1-score   support

          AGN     0.6438    0.6667    0.6551       141
       Blazar     0.5200    0.3333    0.4063        78
           CV     0.7185    0.6807    0.6991       285
        Flare     0.7143    0.2941    0.4167        68
          HPM     0.9000    0.8603    0.8797       136
Non-Transient     0.6927    0.8481    0.7626       428
        Other     0.5435    0.4006    0.4613       312
           SN     0.5533    0.6440    0.5952       427

  avg / total     0.6450    0.6475    0.6377      1875
Confusion Matrix:
 [[ 94   6   0   0   0  12  22   7]
 [ 11  26  13   0   0   1  11  16]
 [  1   5 194   2   0  16   9  58]
 [  1   0   6  20   0  27   2  12]
 [  0   0   0   0 117  17   1   1]
 [  4   0   6   3   7 363  22  23]
 [ 33   6  13   0   2  28 125 105]
 [  2   7  38   3   4  60  38 275]]
Normalized Confusion Matrix:
 [[ 66.67   4.26   0.     0.     0.     8.51  15.6    4.96]
 [ 14.1   33.33  16.67   0.     0.     1.28  14.1   20.51]
 [  0.35   1.75  68.07   0.7    0.     5.61   3.16  20.35]
 [  1.47   0.     8.82  29.41   0.    39.71   2.94  17.65]
 [  0.     0.     0.     0.    86.03  12.5    0.74   0.74]
 [  0.93   0.     1.4    0.7    1.64  84.81   5.14   5.37]
 [ 10.58   1.92   4.17   0.     0.64   8.97  40.06  33.65]
 [  0.47   1.64   8.9    0.7    0.94  14.05   8.9   64.4 ]]