Train Shapes (X, y):  (3200, 31), (3200,)
Test Shapes (X, y):  (1577, 31), (1577,)
Unique classes: ['AGN' 'Blazar' 'CV' 'Flare' 'HPM' 'Non-Transient' 'Other' 'SN']
Unique count: [285 156 524 125 268 703 436 703]
Best Params: {'hidden_layer_sizes': (100, 100), 'activation': 'relu', 'alpha': 0.001, 'learning_rate': 'constant'}
Validation Accuracy: 0.5081
Test Accuracy: 0.6062
Report:
                precision    recall  f1-score   support

          AGN     0.5398    0.6738    0.5994       141
       Blazar     0.6176    0.2763    0.3818        76
           CV     0.7303    0.6822    0.7054       258
        Flare     0.4839    0.2419    0.3226        62
          HPM     0.8810    0.8409    0.8605       132
Non-Transient     0.5224    0.9078    0.6632       347
        Other     0.5325    0.1916    0.2818       214
           SN     0.6298    0.5245    0.5723       347

  avg / total     0.6160    0.6062    0.5822      1577
Confusion Matrix:
 [[ 95   4   0   2   0  35   2   3]
 [ 16  21  20   0   0   3   4  12]
 [  7   5 176   3   2  11   8  46]
 [  1   0   1  15   0  41   0   4]
 [  1   0   0   0 111  20   0   0]
 [  4   0   3   8   7 315   2   8]
 [ 40   2  10   2   3  82  41  34]
 [ 12   2  31   1   3  96  20 182]]
Normalized Confusion Matrix:
 [[ 67.38   2.84   0.     1.42   0.    24.82   1.42   2.13]
 [ 21.05  27.63  26.32   0.     0.     3.95   5.26  15.79]
 [  2.71   1.94  68.22   1.16   0.78   4.26   3.1   17.83]
 [  1.61   0.     1.61  24.19   0.    66.13   0.     6.45]
 [  0.76   0.     0.     0.    84.09  15.15   0.     0.  ]
 [  1.15   0.     0.86   2.31   2.02  90.78   0.58   2.31]
 [ 18.69   0.93   4.67   0.93   1.4   38.32  19.16  15.89]
 [  3.46   0.58   8.93   0.29   0.86  27.67   5.76  52.45]]