Train Shapes (X, y):  (3804, 21), (3804,)
Test Shapes (X, y):  (1875, 21), (1875,)
Unique classes: ['AGN' 'Blazar' 'CV' 'Flare' 'HPM' 'Non-Transient' 'Other' 'SN']
Unique count: [286 159 577 139 276 867 632 868]
Best Params: {'hidden_layer_sizes': 100, 'activation': 'relu', 'alpha': 0.1, 'learning_rate': 'constant'}
Validation Accuracy: 0.5741
Test Accuracy: 0.5915
Report:
                precision    recall  f1-score   support

          AGN     0.5669    0.6312    0.5973       141
       Blazar     0.4655    0.3462    0.3971        78
           CV     0.7265    0.5965    0.6551       285
        Flare     0.4884    0.3088    0.3784        68
          HPM     0.8636    0.8382    0.8507       136
Non-Transient     0.6234    0.7967    0.6995       428
        Other     0.4602    0.3333    0.3866       312
           SN     0.5084    0.5691    0.5370       427

  avg / total     0.5874    0.5915    0.5827      1875
Confusion Matrix:
 [[ 89   6   1   3   0  21  14   7]
 [  8  27  12   0   0   3  12  16]
 [  2   9 170   3   1  19  13  68]
 [  1   0   4  21   1  24   6  11]
 [  0   0   0   0 114  20   0   2]
 [ 12   0   5  11  13 341  21  25]
 [ 33  10  10   0   1  48 104 106]
 [ 12   6  32   5   2  71  56 243]]
Normalized Confusion Matrix:
 [[ 63.12   4.26   0.71   2.13   0.    14.89   9.93   4.96]
 [ 10.26  34.62  15.38   0.     0.     3.85  15.38  20.51]
 [  0.7    3.16  59.65   1.05   0.35   6.67   4.56  23.86]
 [  1.47   0.     5.88  30.88   1.47  35.29   8.82  16.18]
 [  0.     0.     0.     0.    83.82  14.71   0.     1.47]
 [  2.8    0.     1.17   2.57   3.04  79.67   4.91   5.84]
 [ 10.58   3.21   3.21   0.     0.32  15.38  33.33  33.97]
 [  2.81   1.41   7.49   1.17   0.47  16.63  13.11  56.91]]