Train Shapes (X, y):  (3200, 27), (3200,)
Test Shapes (X, y):  (1577, 27), (1577,)
Unique classes: ['AGN' 'Blazar' 'CV' 'Flare' 'HPM' 'Non-Transient' 'Other' 'SN']
Unique count: [285 156 524 125 268 703 436 703]
Best Params: {'max_features': 'auto', 'n_estimators': 200}
Validation Accuracy: 0.6553
Test Accuracy: 0.6728
Report:
                precision    recall  f1-score   support

          AGN     0.7211    0.7518    0.7361       141
       Blazar     0.6250    0.3289    0.4310        76
           CV     0.7441    0.7326    0.7383       258
        Flare     0.5625    0.2903    0.3830        62
          HPM     0.9504    0.8712    0.9091       132
Non-Transient     0.6396    0.8847    0.7424       347
        Other     0.5235    0.3645    0.4298       214
           SN     0.6299    0.6427    0.6362       347

  avg / total     0.6684    0.6728    0.6602      1577
Confusion Matrix:
 [[106   4   1   1   0   8  16   5]
 [  9  25  16   0   0   0   8  18]
 [  2   5 189   1   0   9  11  41]
 [  1   0   2  18   0  32   1   8]
 [  1   0   0   1 115  15   0   0]
 [  1   0   4   7   3 307  14  11]
 [ 26   4  17   0   1  40  78  48]
 [  1   2  25   4   2  69  21 223]]
Normalized Confusion Matrix:
 [[ 75.18   2.84   0.71   0.71   0.     5.67  11.35   3.55]
 [ 11.84  32.89  21.05   0.     0.     0.    10.53  23.68]
 [  0.78   1.94  73.26   0.39   0.     3.49   4.26  15.89]
 [  1.61   0.     3.23  29.03   0.    51.61   1.61  12.9 ]
 [  0.76   0.     0.     0.76  87.12  11.36   0.     0.  ]
 [  0.29   0.     1.15   2.02   0.86  88.47   4.03   3.17]
 [ 12.15   1.87   7.94   0.     0.47  18.69  36.45  22.43]
 [  0.29   0.58   7.2    1.15   0.58  19.88   6.05  64.27]]