Train Shapes (X, y):  (3200, 21), (3200,)
Test Shapes (X, y):  (1577, 21), (1577,)
Unique classes: ['AGN' 'Blazar' 'CV' 'Flare' 'HPM' 'Non-Transient' 'Other' 'SN']
Unique count: [285 156 524 125 268 703 436 703]
Best Params: {'max_features': 'auto', 'n_estimators': 700}
Validation Accuracy: 0.6128
Test Accuracy: 0.6303
Report:
                precision    recall  f1-score   support

          AGN     0.6594    0.6454    0.6523       141
       Blazar     0.6444    0.3816    0.4793        76
           CV     0.7500    0.6744    0.7102       258
        Flare     0.5455    0.2903    0.3789        62
          HPM     0.9127    0.8712    0.8915       132
Non-Transient     0.6183    0.8357    0.7108       347
        Other     0.4276    0.3037    0.3552       214
           SN     0.5550    0.6110    0.5816       347

  avg / total     0.6268    0.6303    0.6197      1577
Confusion Matrix:
 [[ 91   4   2   2   0  12  22   8]
 [  7  29  14   0   0   1   8  17]
 [  2   4 174   1   1   5  14  57]
 [  0   0   3  18   0  33   0   8]
 [  1   0   0   1 115  15   0   0]
 [  6   0   2   5   5 290  17  22]
 [ 26   6  11   1   1  46  65  58]
 [  5   2  26   5   4  67  26 212]]
Normalized Confusion Matrix:
 [[ 64.54   2.84   1.42   1.42   0.     8.51  15.6    5.67]
 [  9.21  38.16  18.42   0.     0.     1.32  10.53  22.37]
 [  0.78   1.55  67.44   0.39   0.39   1.94   5.43  22.09]
 [  0.     0.     4.84  29.03   0.    53.23   0.    12.9 ]
 [  0.76   0.     0.     0.76  87.12  11.36   0.     0.  ]
 [  1.73   0.     0.58   1.44   1.44  83.57   4.9    6.34]
 [ 12.15   2.8    5.14   0.47   0.47  21.5   30.37  27.1 ]
 [  1.44   0.58   7.49   1.44   1.15  19.31   7.49  61.1 ]]