Train Shapes (X, y):  (3804, 27), (3804,)
Test Shapes (X, y):  (1875, 27), (1875,)
Unique classes: ['AGN' 'Blazar' 'CV' 'Flare' 'HPM' 'Non-Transient' 'Other' 'SN']
Unique count: [286 159 577 139 276 867 632 868]
Best Params: {'hidden_layer_sizes': (100, 100), 'activation': 'relu', 'alpha': 0.0001, 'learning_rate': 'constant'}
Validation Accuracy: 0.5150
Test Accuracy: 0.5109
Report:
                precision    recall  f1-score   support

          AGN     0.4535    0.5532    0.4984       141
       Blazar     0.5000    0.0641    0.1136        78
           CV     0.6255    0.5860    0.6051       285
        Flare     0.5172    0.2206    0.3093        68
          HPM     0.6415    0.7500    0.6915       136
Non-Transient     0.5371    0.6425    0.5851       428
        Other     0.4861    0.1122    0.1823       312
           SN     0.4297    0.6581    0.5199       427

  avg / total     0.5166    0.5109    0.4778      1875
Confusion Matrix:
 [[ 78   1   1   1   0  37   0  23]
 [ 10   5  17   0   0   7   1  38]
 [  4   2 167   3   0  23   2  84]
 [  1   0   6  15   0  31   2  13]
 [  0   0   1   1 102  32   0   0]
 [ 21   0   9   5  54 275  12  52]
 [ 39   1  29   0   1  44  35 163]
 [ 19   1  37   4   2  63  20 281]]
Normalized Confusion Matrix:
 [[ 55.32   0.71   0.71   0.71   0.    26.24   0.    16.31]
 [ 12.82   6.41  21.79   0.     0.     8.97   1.28  48.72]
 [  1.4    0.7   58.6    1.05   0.     8.07   0.7   29.47]
 [  1.47   0.     8.82  22.06   0.    45.59   2.94  19.12]
 [  0.     0.     0.74   0.74  75.    23.53   0.     0.  ]
 [  4.91   0.     2.1    1.17  12.62  64.25   2.8   12.15]
 [ 12.5    0.32   9.29   0.     0.32  14.1   11.22  52.24]
 [  4.45   0.23   8.67   0.94   0.47  14.75   4.68  65.81]]