Train Shapes (X, y):  (3804, 21), (3804,)
Test Shapes (X, y):  (1875, 21), (1875,)
Unique classes: ['AGN' 'Blazar' 'CV' 'Flare' 'HPM' 'Non-Transient' 'Other' 'SN']
Unique count: [286 159 577 139 276 867 632 868]
Best Params: {'hidden_layer_sizes': (100, 100), 'activation': 'relu', 'alpha': 0.001, 'learning_rate': 'constant'}
Validation Accuracy: 0.5365
Test Accuracy: 0.5184
Report:
                precision    recall  f1-score   support

          AGN     0.4066    0.6950    0.5131       141
       Blazar     0.4545    0.0641    0.1124        78
           CV     0.5616    0.6561    0.6052       285
        Flare     0.5294    0.1324    0.2118        68
          HPM     0.7578    0.7132    0.7348       136
Non-Transient     0.6157    0.6215    0.6186       428
        Other     0.5000    0.1603    0.2427       312
           SN     0.4241    0.6089    0.5000       427

  avg / total     0.5294    0.5184    0.4917      1875
Confusion Matrix:
 [[ 98   1   3   1   0  15   5  18]
 [ 15   5  24   0   0   2   3  29]
 [  7   1 187   2   0  16   4  68]
 [  6   0  10   9   0  26   1  16]
 [  0   0   1   1  97  36   0   1]
 [ 43   1  10   3  28 266  11  66]
 [ 47   1  37   0   1  21  50 155]
 [ 25   2  61   1   2  50  26 260]]
Normalized Confusion Matrix:
 [[ 69.5    0.71   2.13   0.71   0.    10.64   3.55  12.77]
 [ 19.23   6.41  30.77   0.     0.     2.56   3.85  37.18]
 [  2.46   0.35  65.61   0.7    0.     5.61   1.4   23.86]
 [  8.82   0.    14.71  13.24   0.    38.24   1.47  23.53]
 [  0.     0.     0.74   0.74  71.32  26.47   0.     0.74]
 [ 10.05   0.23   2.34   0.7    6.54  62.15   2.57  15.42]
 [ 15.06   0.32  11.86   0.     0.32   6.73  16.03  49.68]
 [  5.85   0.47  14.29   0.23   0.47  11.71   6.09  60.89]]