Train Shapes (X, y):  (3804, 21), (3804,)
Test Shapes (X, y):  (1875, 21), (1875,)
Unique classes: ['AGN' 'Blazar' 'CV' 'Flare' 'HPM' 'Non-Transient' 'Other' 'SN']
Unique count: [286 159 577 139 276 867 632 868]
Best Params: {'max_features': 'auto', 'n_estimators': 700}
Validation Accuracy: 0.5986
Test Accuracy: 0.6203
Report:
                precision    recall  f1-score   support

          AGN     0.6331    0.6241    0.6286       141
       Blazar     0.5660    0.3846    0.4580        78
           CV     0.6780    0.6281    0.6521       285
        Flare     0.7000    0.3088    0.4286        68
          HPM     0.8976    0.8382    0.8669       136
Non-Transient     0.6654    0.8131    0.7319       428
        Other     0.5182    0.4103    0.4580       312
           SN     0.5183    0.5972    0.5550       427

  avg / total     0.6209    0.6203    0.6135      1875
Confusion Matrix:
 [[ 88   5   3   0   0  16  22   7]
 [ 10  30  13   0   0   2   7  16]
 [  1   6 179   2   0  12   9  76]
 [  0   0   6  21   0  25   3  13]
 [  0   0   0   0 114  21   0   1]
 [  6   0   7   4   9 348  28  26]
 [ 27   8  16   0   1  34 128  98]
 [  7   4  40   3   3  65  50 255]]
Normalized Confusion Matrix:
 [[ 62.41   3.55   2.13   0.     0.    11.35  15.6    4.96]
 [ 12.82  38.46  16.67   0.     0.     2.56   8.97  20.51]
 [  0.35   2.11  62.81   0.7    0.     4.21   3.16  26.67]
 [  0.     0.     8.82  30.88   0.    36.76   4.41  19.12]
 [  0.     0.     0.     0.    83.82  15.44   0.     0.74]
 [  1.4    0.     1.64   0.93   2.1   81.31   6.54   6.07]
 [  8.65   2.56   5.13   0.     0.32  10.9   41.03  31.41]
 [  1.64   0.94   9.37   0.7    0.7   15.22  11.71  59.72]]