Train Shapes (X, y):  (3804, 21), (3804,)
Test Shapes (X, y):  (1875, 21), (1875,)
Unique classes: ['AGN' 'Blazar' 'CV' 'Flare' 'HPM' 'Non-Transient' 'Other' 'SN']
Unique count: [286 159 577 139 276 867 632 868]
Best Params: {'C': 1000, 'kernel': 'rbf', 'gamma': 0.01}
Validation Accuracy: 0.5231
Test Accuracy: 0.5520
Report:
                precision    recall  f1-score   support

          AGN     0.4426    0.7376    0.5532       141
       Blazar     0.3083    0.5256    0.3886        78
           CV     0.6601    0.5860    0.6208       285
        Flare     0.2754    0.5588    0.3689        68
          HPM     0.7682    0.8529    0.8084       136
Non-Transient     0.6979    0.6262    0.6601       428
        Other     0.4440    0.3814    0.4103       312
           SN     0.5815    0.4262    0.4919       427

  avg / total     0.5778    0.5520    0.5551      1875
Confusion Matrix:
 [[104  11   1   7   0   7  10   1]
 [ 13  41   9   1   0   2   7   5]
 [  8  24 167   5   1   6  24  50]
 [  2   0   3  38   1  12   5   7]
 [  0   0   5   1 116  14   0   0]
 [ 24   2   9  53  26 268  36  10]
 [ 58  21  15  12   0  29 119  58]
 [ 26  34  44  21   7  46  67 182]]
Normalized Confusion Matrix:
 [[ 73.76   7.8    0.71   4.96   0.     4.96   7.09   0.71]
 [ 16.67  52.56  11.54   1.28   0.     2.56   8.97   6.41]
 [  2.81   8.42  58.6    1.75   0.35   2.11   8.42  17.54]
 [  2.94   0.     4.41  55.88   1.47  17.65   7.35  10.29]
 [  0.     0.     3.68   0.74  85.29  10.29   0.     0.  ]
 [  5.61   0.47   2.1   12.38   6.07  62.62   8.41   2.34]
 [ 18.59   6.73   4.81   3.85   0.     9.29  38.14  18.59]
 [  6.09   7.96  10.3    4.92   1.64  10.77  15.69  42.62]]