Train Shapes (X, y):  (3804, 27), (3804,)
Test Shapes (X, y):  (1875, 27), (1875,)
Unique classes: ['AGN' 'Blazar' 'CV' 'Flare' 'HPM' 'Non-Transient' 'Other' 'SN']
Unique count: [286 159 577 139 276 867 632 868]
Best Params: {'C': 1000, 'kernel': 'rbf', 'gamma': 0.1}
Validation Accuracy: 0.5118
Test Accuracy: 0.5360
Report:
                precision    recall  f1-score   support

          AGN     0.4353    0.7872    0.5606       141
       Blazar     0.2867    0.5256    0.3710        78
           CV     0.7000    0.5649    0.6252       285
        Flare     0.2543    0.6471    0.3651        68
          HPM     0.7564    0.8676    0.8082       136
Non-Transient     0.6873    0.6215    0.6528       428
        Other     0.4248    0.3077    0.3569       312
           SN     0.5508    0.3934    0.4590       427

  avg / total     0.5682    0.5360    0.5374      1875
Confusion Matrix:
 [[111  10   0   7   0   6   6   1]
 [ 12  41   7   1   1   2   8   6]
 [ 10  23 161  10   2   4  22  53]
 [  3   0   3  44   1   9   5   3]
 [  0   0   0   4 118  14   0   0]
 [ 37   2   5  60  24 266  23  11]
 [ 54  30  14  17   0  38  96  63]
 [ 28  37  40  30  10  48  66 168]]
Normalized Confusion Matrix:
 [[ 78.72   7.09   0.     4.96   0.     4.26   4.26   0.71]
 [ 15.38  52.56   8.97   1.28   1.28   2.56  10.26   7.69]
 [  3.51   8.07  56.49   3.51   0.7    1.4    7.72  18.6 ]
 [  4.41   0.     4.41  64.71   1.47  13.24   7.35   4.41]
 [  0.     0.     0.     2.94  86.76  10.29   0.     0.  ]
 [  8.64   0.47   1.17  14.02   5.61  62.15   5.37   2.57]
 [ 17.31   9.62   4.49   5.45   0.    12.18  30.77  20.19]
 [  6.56   8.67   9.37   7.03   2.34  11.24  15.46  39.34]]