Train Shapes (X, y):  (6944, 27), (6944,)
Test Shapes (X, y):  (1875, 27), (1875,)
Unique classes: ['AGN' 'Blazar' 'CV' 'Flare' 'HPM' 'Non-Transient' 'Other' 'SN']
Unique count: [868 868 868 868 868 868 868 868]
Best Params: {'C': 100, 'kernel': 'rbf', 'gamma': 0.01}
Validation Accuracy: 0.5396
Test Accuracy: 0.5611
Report:
                precision    recall  f1-score   support

          AGN     0.5206    0.7163    0.6030       141
       Blazar     0.3359    0.5513    0.4175        78
           CV     0.6926    0.5930    0.6389       285
        Flare     0.2569    0.5441    0.3491        68
          HPM     0.6721    0.9044    0.7712       136
Non-Transient     0.6706    0.6612    0.6659       428
        Other     0.4873    0.3077    0.3772       312
           SN     0.5510    0.4684    0.5063       427

  avg / total     0.5761    0.5611    0.5585      1875
Confusion Matrix:
 [[101   8   1   7   0  15   6   3]
 [ 12  43   5   1   1   2   7   7]
 [  6  25 169  10   0   6  18  51]
 [  1   1   3  37   1  15   1   9]
 [  0   0   2   0 123   9   1   1]
 [ 12   4   7  44  44 283  16  18]
 [ 43  25  19  12   4  39  96  74]
 [ 19  22  38  33  10  53  52 200]]
Normalized Confusion Matrix:
 [[ 71.63   5.67   0.71   4.96   0.    10.64   4.26   2.13]
 [ 15.38  55.13   6.41   1.28   1.28   2.56   8.97   8.97]
 [  2.11   8.77  59.3    3.51   0.     2.11   6.32  17.89]
 [  1.47   1.47   4.41  54.41   1.47  22.06   1.47  13.24]
 [  0.     0.     1.47   0.    90.44   6.62   0.74   0.74]
 [  2.8    0.93   1.64  10.28  10.28  66.12   3.74   4.21]
 [ 13.78   8.01   6.09   3.85   1.28  12.5   30.77  23.72]
 [  4.45   5.15   8.9    7.73   2.34  12.41  12.18  46.84]]