Train Shapes (X, y):  (4928, 21), (4928,)
Test Shapes (X, y):  (1230, 21), (1230,)
Unique classes: ['AGN' 'Blazar' 'CV' 'Flare' 'HPM' 'Other' 'SN']
Unique count: [704 704 704 704 704 704 704]
Best Params: {'max_features': 'auto', 'n_estimators': 700}
Validation Accuracy: 0.5877
Test Accuracy: 0.6228
Report:
              precision    recall  f1-score   support

        AGN     0.6471    0.7021    0.6735       141
     Blazar     0.4483    0.5065    0.4756        77
         CV     0.7500    0.6512    0.6971       258
      Flare     0.4421    0.6774    0.5350        62
        HPM     0.9143    0.9697    0.9412       132
      Other     0.4398    0.3925    0.4148       214
         SN     0.6059    0.5954    0.6006       346

avg / total     0.6269    0.6228    0.6223      1230
Confusion Matrix:
 [[ 99   8   2   7   0  22   3]
 [ 11  39   7   1   0  11   8]
 [  5  10 168   6   2  14  53]
 [  2   0   2  42   1   7   8]
 [  1   0   0   1 128   0   2]
 [ 25  14  11  16   4  84  60]
 [ 10  16  34  22   5  53 206]]
Normalized Confusion Matrix:
 [[ 70.21   5.67   1.42   4.96   0.    15.6    2.13]
 [ 14.29  50.65   9.09   1.3    0.    14.29  10.39]
 [  1.94   3.88  65.12   2.33   0.78   5.43  20.54]
 [  3.23   0.     3.23  67.74   1.61  11.29  12.9 ]
 [  0.76   0.     0.     0.76  96.97   0.     1.52]
 [ 11.68   6.54   5.14   7.48   1.87  39.25  28.04]
 [  2.89   4.62   9.83   6.36   1.45  15.32  59.54]]