Train Shapes (X, y):  (6076, 31), (6076,)
Test Shapes (X, y):  (1447, 31), (1447,)
Unique classes: ['AGN' 'Blazar' 'CV' 'Flare' 'HPM' 'Other' 'SN']
Unique count: [868 868 868 868 868 868 868]
Best Params: {'hidden_layer_sizes': (100, 100), 'activation': 'logistic', 'alpha': 0.0001, 'learning_rate': 'constant'}
Validation Accuracy: 0.5662
Test Accuracy: 0.5881
Report:
              precision    recall  f1-score   support

        AGN     0.5771    0.7163    0.6392       141
     Blazar     0.3981    0.5256    0.4530        78
         CV     0.7306    0.6281    0.6755       285
      Flare     0.3853    0.6176    0.4746        68
        HPM     0.8408    0.9706    0.9010       136
      Other     0.4803    0.4295    0.4535       312
         SN     0.5858    0.5199    0.5509       427

avg / total     0.5951    0.5881    0.5871      1447
Confusion Matrix:
 [[101   7   1   8   1  21   2]
 [ 14  41   8   0   0   6   9]
 [  7  15 179   9   1  16  58]
 [  1   0   1  42   6  11   7]
 [  0   0   0   0 132   1   3]
 [ 38  19  17  20   6 134  78]
 [ 14  21  39  30  11  90 222]]
Normalized Confusion Matrix:
 [[ 71.63   4.96   0.71   5.67   0.71  14.89   1.42]
 [ 17.95  52.56  10.26   0.     0.     7.69  11.54]
 [  2.46   5.26  62.81   3.16   0.35   5.61  20.35]
 [  1.47   0.     1.47  61.76   8.82  16.18  10.29]
 [  0.     0.     0.     0.    97.06   0.74   2.21]
 [ 12.18   6.09   5.45   6.41   1.92  42.95  25.  ]
 [  3.28   4.92   9.13   7.03   2.58  21.08  51.99]]