Train Shapes (X, y):  (4928, 31), (4928,)
Test Shapes (X, y):  (1362, 31), (1362,)
Unique classes: ['AGN' 'Blazar' 'CV' 'Flare' 'HPM' 'Non-Transient' 'SN']
Unique count: [704 704 704 704 704 704 704]
Best Params: {'max_features': 'auto', 'n_estimators': 700}
Validation Accuracy: 0.6709
Test Accuracy: 0.7606
Report:
                precision    recall  f1-score   support

          AGN     0.8082    0.8369    0.8223       141
       Blazar     0.6111    0.5714    0.5906        77
           CV     0.8326    0.7519    0.7902       258
        Flare     0.3846    0.5645    0.4575        62
          HPM     0.8521    0.9167    0.8832       132
Non-Transient     0.7824    0.8208    0.8011       346
           SN     0.7619    0.6936    0.7262       346

  avg / total     0.7683    0.7606    0.7626      1362
Confusion Matrix:
 [[118   7   0   1   0   7   8]
 [ 11  44   9   2   0   2   9]
 [  5  18 194   4   2   4  31]
 [  1   0   3  35   0  18   5]
 [  1   0   0   1 121   7   2]
 [  1   1   4  21  15 284  20]
 [  9   2  23  27   4  41 240]]
Normalized Confusion Matrix:
 [[ 83.69   4.96   0.     0.71   0.     4.96   5.67]
 [ 14.29  57.14  11.69   2.6    0.     2.6   11.69]
 [  1.94   6.98  75.19   1.55   0.78   1.55  12.02]
 [  1.61   0.     4.84  56.45   0.    29.03   8.06]
 [  0.76   0.     0.     0.76  91.67   5.3    1.52]
 [  0.29   0.29   1.16   6.07   4.34  82.08   5.78]
 [  2.6    0.58   6.65   7.8    1.16  11.85  69.36]]