Train Shapes (X, y):  (6076, 21), (6076,)
Test Shapes (X, y):  (1447, 21), (1447,)
Unique classes: ['AGN' 'Blazar' 'CV' 'Flare' 'HPM' 'Other' 'SN']
Unique count: [868 868 868 868 868 868 868]
Best Params: {'hidden_layer_sizes': (100, 100), 'activation': 'relu', 'alpha': 0.001, 'learning_rate': 'constant'}
Validation Accuracy: 0.5499
Test Accuracy: 0.5812
Report:
              precision    recall  f1-score   support

        AGN     0.5258    0.7943    0.6328       141
     Blazar     0.3670    0.5128    0.4278        78
         CV     0.6836    0.6140    0.6470       285
      Flare     0.4255    0.5882    0.4938        68
        HPM     0.8581    0.9779    0.9141       136
      Other     0.5345    0.2981    0.3827       312
         SN     0.5561    0.5808    0.5682       427

avg / total     0.5856    0.5812    0.5714      1447
Confusion Matrix:
 [[112   9   0   6   1   8   5]
 [ 12  40  10   2   1   5   8]
 [  6  20 175  12   0  16  56]
 [  3   0   3  40   6   4  12]
 [  0   0   0   0 133   0   3]
 [ 51  21  16  13   4  93 114]
 [ 29  19  52  21  10  48 248]]
Normalized Confusion Matrix:
 [[ 79.43   6.38   0.     4.26   0.71   5.67   3.55]
 [ 15.38  51.28  12.82   2.56   1.28   6.41  10.26]
 [  2.11   7.02  61.4    4.21   0.     5.61  19.65]
 [  4.41   0.     4.41  58.82   8.82   5.88  17.65]
 [  0.     0.     0.     0.    97.79   0.     2.21]
 [ 16.35   6.73   5.13   4.17   1.28  29.81  36.54]
 [  6.79   4.45  12.18   4.92   2.34  11.24  58.08]]