Train Shapes (X, y):  (6944, 21), (6944,)
Test Shapes (X, y):  (1875, 21), (1875,)
Unique classes: ['AGN' 'Blazar' 'CV' 'Flare' 'HPM' 'Non-Transient' 'Other' 'SN']
Unique count: [868 868 868 868 868 868 868 868]
Best Params: {'hidden_layer_sizes': (100, 100), 'activation': 'relu', 'alpha': 0.0001, 'learning_rate': 'constant'}
Validation Accuracy: 0.5040
Test Accuracy: 0.5419
Report:
                precision    recall  f1-score   support

          AGN     0.4839    0.6383    0.5505       141
       Blazar     0.3636    0.5641    0.4422        78
           CV     0.7629    0.5193    0.6180       285
        Flare     0.2239    0.6618    0.3346        68
          HPM     0.7152    0.8676    0.7841       136
Non-Transient     0.6472    0.6729    0.6598       428
        Other     0.4410    0.2756    0.3393       312
           SN     0.5353    0.4614    0.4956       427

  avg / total     0.5705    0.5419    0.5426      1875
Confusion Matrix:
 [[ 90  10   0  13   0  19   6   3]
 [ 13  44   6   2   0   2   5   6]
 [  6  24 148  14   1  13  12  67]
 [  1   0   0  45   2  13   2   5]
 [  0   0   0   0 118  16   0   2]
 [  9   1   4  48  33 288  23  22]
 [ 43  23   7  38   2  47  86  66]
 [ 24  19  29  41   9  47  61 197]]
Normalized Confusion Matrix:
 [[ 63.83   7.09   0.     9.22   0.    13.48   4.26   2.13]
 [ 16.67  56.41   7.69   2.56   0.     2.56   6.41   7.69]
 [  2.11   8.42  51.93   4.91   0.35   4.56   4.21  23.51]
 [  1.47   0.     0.    66.18   2.94  19.12   2.94   7.35]
 [  0.     0.     0.     0.    86.76  11.76   0.     1.47]
 [  2.1    0.23   0.93  11.21   7.71  67.29   5.37   5.14]
 [ 13.78   7.37   2.24  12.18   0.64  15.06  27.56  21.15]
 [  5.62   4.45   6.79   9.6    2.11  11.01  14.29  46.14]]