Train Shapes (X, y):  (4928, 21), (4928,)
Test Shapes (X, y):  (1362, 21), (1362,)
Unique classes: ['AGN' 'Blazar' 'CV' 'Flare' 'HPM' 'Non-Transient' 'SN']
Unique count: [704 704 704 704 704 704 704]
Best Params: {'max_features': 'auto', 'n_estimators': 700}
Validation Accuracy: 0.6343
Test Accuracy: 0.6843
Report:
                precision    recall  f1-score   support

          AGN     0.6944    0.7092    0.7018       141
       Blazar     0.5190    0.5325    0.5256        77
           CV     0.7803    0.6744    0.7235       258
        Flare     0.3298    0.5000    0.3974        62
          HPM     0.7438    0.9015    0.8151       132
Non-Transient     0.7364    0.7023    0.7189       346
           SN     0.6747    0.6474    0.6608       346

  avg / total     0.6946    0.6843    0.6870      1362
Confusion Matrix:
 [[100  12   2   9   0  12   6]
 [ 15  41  11   1   0   0   9]
 [  5  15 174   6   2   4  52]
 [  1   0   2  31   1  19   8]
 [  1   0   0   0 119  12   0]
 [  9   1   3  25  32 243  33]
 [ 13  10  31  22   6  40 224]]
Normalized Confusion Matrix:
 [[ 70.92   8.51   1.42   6.38   0.     8.51   4.26]
 [ 19.48  53.25  14.29   1.3    0.     0.    11.69]
 [  1.94   5.81  67.44   2.33   0.78   1.55  20.16]
 [  1.61   0.     3.23  50.     1.61  30.65  12.9 ]
 [  0.76   0.     0.     0.    90.15   9.09   0.  ]
 [  2.6    0.29   0.87   7.23   9.25  70.23   9.54]
 [  3.76   2.89   8.96   6.36   1.73  11.56  64.74]]