Train Shapes (X, y):  (4928, 21), (4928,)
Test Shapes (X, y):  (1230, 21), (1230,)
Unique classes: ['AGN' 'Blazar' 'CV' 'Flare' 'HPM' 'Other' 'SN']
Unique count: [704 704 704 704 704 704 704]
Best Params: {'C': 1000, 'kernel': 'rbf', 'gamma': 0.1}
Validation Accuracy: 0.5757
Test Accuracy: 0.5935
Report:
              precision    recall  f1-score   support

        AGN     0.5736    0.8014    0.6686       141
     Blazar     0.3925    0.5455    0.4565        77
         CV     0.7789    0.6008    0.6783       258
      Flare     0.4190    0.7097    0.5269        62
        HPM     0.8811    0.9545    0.9164       132
      Other     0.3889    0.2617    0.3128       214
         SN     0.5791    0.5607    0.5698       346

avg / total     0.5999    0.5935    0.5871      1230
Confusion Matrix:
 [[113   4   0   8   0  13   3]
 [ 13  42   7   1   1   6   7]
 [  6  23 155   5   3  16  50]
 [  3   0   1  44   1   4   9]
 [  1   0   0   1 126   0   4]
 [ 42  17   7  22   2  56  68]
 [ 19  21  29  24  10  49 194]]
Normalized Confusion Matrix:
 [[ 80.14   2.84   0.     5.67   0.     9.22   2.13]
 [ 16.88  54.55   9.09   1.3    1.3    7.79   9.09]
 [  2.33   8.91  60.08   1.94   1.16   6.2   19.38]
 [  4.84   0.     1.61  70.97   1.61   6.45  14.52]
 [  0.76   0.     0.     0.76  95.45   0.     3.03]
 [ 19.63   7.94   3.27  10.28   0.93  26.17  31.78]
 [  5.49   6.07   8.38   6.94   2.89  14.16  56.07]]