Train Shapes (X, y):  (6944, 21), (6944,)
Test Shapes (X, y):  (1875, 21), (1875,)
Unique classes: ['AGN' 'Blazar' 'CV' 'Flare' 'HPM' 'Non-Transient' 'Other' 'SN']
Unique count: [868 868 868 868 868 868 868 868]
Best Params: {'max_features': 'auto', 'n_estimators': 700}
Validation Accuracy: 0.5444
Test Accuracy: 0.6011
Report:
                precision    recall  f1-score   support

          AGN     0.5689    0.6738    0.6169       141
       Blazar     0.4100    0.5256    0.4607        78
           CV     0.7004    0.6561    0.6775       285
        Flare     0.2991    0.4706    0.3657        68
          HPM     0.6831    0.9191    0.7837       136
Non-Transient     0.7174    0.6939    0.7055       428
        Other     0.5242    0.4167    0.4643       312
           SN     0.5656    0.5152    0.5392       427

  avg / total     0.6065    0.6011    0.5997      1875
Confusion Matrix:
 [[ 95   9   2   7   0  13  12   3]
 [ 10  41   7   2   0   2  11   5]
 [  3  14 187   9   1   5   7  59]
 [  1   0   7  32   2  18   3   5]
 [  0   0   0   0 125  10   0   1]
 [ 12   1   7  21  39 297  34  17]
 [ 37  19  13   8   4  22 130  79]
 [  9  16  44  28  12  47  51 220]]
Normalized Confusion Matrix:
 [[ 67.38   6.38   1.42   4.96   0.     9.22   8.51   2.13]
 [ 12.82  52.56   8.97   2.56   0.     2.56  14.1    6.41]
 [  1.05   4.91  65.61   3.16   0.35   1.75   2.46  20.7 ]
 [  1.47   0.    10.29  47.06   2.94  26.47   4.41   7.35]
 [  0.     0.     0.     0.    91.91   7.35   0.     0.74]
 [  2.8    0.23   1.64   4.91   9.11  69.39   7.94   3.97]
 [ 11.86   6.09   4.17   2.56   1.28   7.05  41.67  25.32]
 [  2.11   3.75  10.3    6.56   2.81  11.01  11.94  51.52]]