Train Shapes (X, y):  (4928, 31), (4928,)
Test Shapes (X, y):  (1362, 31), (1362,)
Unique classes: ['AGN' 'Blazar' 'CV' 'Flare' 'HPM' 'Non-Transient' 'SN']
Unique count: [704 704 704 704 704 704 704]
Best Params: {'hidden_layer_sizes': 100, 'activation': 'relu', 'alpha': 0.1, 'learning_rate': 'constant'}
Validation Accuracy: 0.6153
Test Accuracy: 0.6608
Report:
                precision    recall  f1-score   support

          AGN     0.6450    0.7730    0.7032       141
       Blazar     0.4608    0.6104    0.5251        77
           CV     0.7336    0.6512    0.6899       258
        Flare     0.3246    0.5968    0.4205        62
          HPM     0.7914    0.8333    0.8118       132
Non-Transient     0.7259    0.7197    0.7228       346
           SN     0.6767    0.5202    0.5882       346

  avg / total     0.6796    0.6608    0.6640      1362
Confusion Matrix:
 [[109  10   0   8   0   9   5]
 [ 14  47   9   1   0   1   5]
 [  7  26 168   6   2   6  43]
 [  1   0   1  37   0  17   6]
 [  1   0   1   0 110  20   0]
 [ 14   2   3  31  20 249  27]
 [ 23  17  47  31   7  41 180]]
Normalized Confusion Matrix:
 [[ 77.3    7.09   0.     5.67   0.     6.38   3.55]
 [ 18.18  61.04  11.69   1.3    0.     1.3    6.49]
 [  2.71  10.08  65.12   2.33   0.78   2.33  16.67]
 [  1.61   0.     1.61  59.68   0.    27.42   9.68]
 [  0.76   0.     0.76   0.    83.33  15.15   0.  ]
 [  4.05   0.58   0.87   8.96   5.78  71.97   7.8 ]
 [  6.65   4.91  13.58   8.96   2.02  11.85  52.02]]