Train Shapes (X, y):  (4928, 27), (4928,)
Test Shapes (X, y):  (1362, 27), (1362,)
Unique classes: ['AGN' 'Blazar' 'CV' 'Flare' 'HPM' 'Non-Transient' 'SN']
Unique count: [704 704 704 704 704 704 704]
Best Params: {'max_features': 'log2', 'n_estimators': 700}
Validation Accuracy: 0.6660
Test Accuracy: 0.7482
Report:
                precision    recall  f1-score   support

          AGN     0.7917    0.8085    0.8000       141
       Blazar     0.5714    0.5714    0.5714        77
           CV     0.8509    0.7519    0.7984       258
        Flare     0.3295    0.4677    0.3867        62
          HPM     0.8345    0.9167    0.8736       132
Non-Transient     0.7562    0.7977    0.7764       346
           SN     0.7651    0.6965    0.7292       346

  avg / total     0.7578    0.7482    0.7511      1362
Confusion Matrix:
 [[114   9   0   4   1   8   5]
 [ 12  44   8   1   0   1  11]
 [  4  19 194   4   2   4  31]
 [  1   0   1  29   1  23   7]
 [  1   0   0   0 121  10   0]
 [  2   1   5  26  16 276  20]
 [ 10   4  20  24   4  43 241]]
Normalized Confusion Matrix:
 [[ 80.85   6.38   0.     2.84   0.71   5.67   3.55]
 [ 15.58  57.14  10.39   1.3    0.     1.3   14.29]
 [  1.55   7.36  75.19   1.55   0.78   1.55  12.02]
 [  1.61   0.     1.61  46.77   1.61  37.1   11.29]
 [  0.76   0.     0.     0.    91.67   7.58   0.  ]
 [  0.58   0.29   1.45   7.51   4.62  79.77   5.78]
 [  2.89   1.16   5.78   6.94   1.16  12.43  69.65]]