Train Shapes (X, y):  (5624, 31), (5624,)
Test Shapes (X, y):  (1577, 31), (1577,)
Unique classes: ['AGN' 'Blazar' 'CV' 'Flare' 'HPM' 'Non-Transient' 'Other' 'SN']
Unique count: [703 703 703 703 703 703 703 703]
Best Params: {'max_features': 'auto', 'n_estimators': 700}
Validation Accuracy: 0.6049
Test Accuracy: 0.6747
Report:
                precision    recall  f1-score   support

          AGN     0.6730    0.7589    0.7133       141
       Blazar     0.5493    0.5132    0.5306        76
           CV     0.8041    0.7636    0.7833       258
        Flare     0.3736    0.5484    0.4444        62
          HPM     0.8288    0.9167    0.8705       132
Non-Transient     0.7232    0.7983    0.7589       347
        Other     0.4579    0.4065    0.4307       214
           SN     0.6918    0.5821    0.6322       347

  avg / total     0.6757    0.6747    0.6724      1577
Confusion Matrix:
 [[107   6   0   1   1   6  19   1]
 [ 11  39   7   1   0   0   9   9]
 [  2  10 197   4   2   3  12  28]
 [  1   0   2  34   0  20   1   4]
 [  1   0   0   1 121   9   0   0]
 [  2   1   3  19  12 277  23  10]
 [ 32   9  14   8   5  21  87  38]
 [  3   6  22  23   5  47  39 202]]
Normalized Confusion Matrix:
 [[ 75.89   4.26   0.     0.71   0.71   4.26  13.48   0.71]
 [ 14.47  51.32   9.21   1.32   0.     0.    11.84  11.84]
 [  0.78   3.88  76.36   1.55   0.78   1.16   4.65  10.85]
 [  1.61   0.     3.23  54.84   0.    32.26   1.61   6.45]
 [  0.76   0.     0.     0.76  91.67   6.82   0.     0.  ]
 [  0.58   0.29   0.86   5.48   3.46  79.83   6.63   2.88]
 [ 14.95   4.21   6.54   3.74   2.34   9.81  40.65  17.76]
 [  0.86   1.73   6.34   6.63   1.44  13.54  11.24  58.21]]