Train Shapes (X, y):  (6076, 27), (6076,)
Test Shapes (X, y):  (1563, 27), (1563,)
Unique classes: ['AGN' 'Blazar' 'CV' 'Flare' 'HPM' 'Non-Transient' 'SN']
Unique count: [868 868 868 868 868 868 868]
Best Params: {'hidden_layer_sizes': (100, 100), 'activation': 'relu', 'alpha': 0.001, 'learning_rate': 'constant'}
Validation Accuracy: 0.6241
Test Accuracy: 0.6532
Report:
                precision    recall  f1-score   support

          AGN     0.7273    0.6809    0.7033       141
       Blazar     0.3839    0.5513    0.4526        78
           CV     0.7204    0.7053    0.7128       285
        Flare     0.2698    0.5000    0.3505        68
          HPM     0.6597    0.9265    0.7706       136
Non-Transient     0.7466    0.6332    0.6852       428
           SN     0.6944    0.5855    0.6353       427

  avg / total     0.6794    0.6532    0.6595      1563
Confusion Matrix:
 [[ 96  16   1   7   1  11   9]
 [  8  43  12   1   1   3  10]
 [  2  20 201  11   2   9  40]
 [  1   1   2  34   1  20   9]
 [  0   0   0   0 126   9   1]
 [ 13   1   8  42  52 271  41]
 [ 12  31  55  31   8  40 250]]
Normalized Confusion Matrix:
 [[ 68.09  11.35   0.71   4.96   0.71   7.8    6.38]
 [ 10.26  55.13  15.38   1.28   1.28   3.85  12.82]
 [  0.7    7.02  70.53   3.86   0.7    3.16  14.04]
 [  1.47   1.47   2.94  50.     1.47  29.41  13.24]
 [  0.     0.     0.     0.    92.65   6.62   0.74]
 [  3.04   0.23   1.87   9.81  12.15  63.32   9.58]
 [  2.81   7.26  12.88   7.26   1.87   9.37  58.55]]