Train Shapes (X, y):  (4928, 21), (4928,)
Test Shapes (X, y):  (1230, 21), (1230,)
Unique classes: ['AGN' 'Blazar' 'CV' 'Flare' 'HPM' 'Other' 'SN']
Unique count: [704 704 704 704 704 704 704]
Best Params: {'hidden_layer_sizes': (100, 100), 'activation': 'logistic', 'alpha': 0.01, 'learning_rate': 'constant'}
Validation Accuracy: 0.5664
Test Accuracy: 0.5992
Report:
              precision    recall  f1-score   support

        AGN     0.6272    0.7518    0.6839       141
     Blazar     0.3644    0.5584    0.4410        77
         CV     0.7512    0.6318    0.6863       258
      Flare     0.4455    0.7258    0.5521        62
        HPM     0.8649    0.9697    0.9143       132
      Other     0.4269    0.3411    0.3792       214
         SN     0.5850    0.5173    0.5491       346

avg / total     0.6064    0.5992    0.5963      1230
Confusion Matrix:
 [[106   9   0   7   1  15   3]
 [ 10  43   9   1   0   5   9]
 [  5  21 163   7   3  11  48]
 [  3   0   0  45   1   5   8]
 [  1   0   1   0 128   0   2]
 [ 31  19  10  20   4  73  57]
 [ 13  26  34  21  11  62 179]]
Normalized Confusion Matrix:
 [[ 75.18   6.38   0.     4.96   0.71  10.64   2.13]
 [ 12.99  55.84  11.69   1.3    0.     6.49  11.69]
 [  1.94   8.14  63.18   2.71   1.16   4.26  18.6 ]
 [  4.84   0.     0.    72.58   1.61   8.06  12.9 ]
 [  0.76   0.     0.76   0.    96.97   0.     1.52]
 [ 14.49   8.88   4.67   9.35   1.87  34.11  26.64]
 [  3.76   7.51   9.83   6.07   3.18  17.92  51.73]]