Train Shapes (X, y):  (6944, 21), (6944,)
Test Shapes (X, y):  (1875, 21), (1875,)
Unique classes: ['AGN' 'Blazar' 'CV' 'Flare' 'HPM' 'Non-Transient' 'Other' 'SN']
Unique count: [868 868 868 868 868 868 868 868]
Best Params: {'max_features': 'auto', 'n_estimators': 700}
Validation Accuracy: 0.5469
Test Accuracy: 0.5941
Report:
                precision    recall  f1-score   support

          AGN     0.5621    0.6738    0.6129       141
       Blazar     0.4078    0.5385    0.4641        78
           CV     0.7211    0.6351    0.6754       285
        Flare     0.3158    0.5294    0.3956        68
          HPM     0.6561    0.9118    0.7631       136
Non-Transient     0.7103    0.6589    0.6836       428
        Other     0.5238    0.4231    0.4681       312
           SN     0.5550    0.5199    0.5369       427

  avg / total     0.6036    0.5941    0.5940      1875
Confusion Matrix:
 [[ 95   9   2   8   0  14  10   3]
 [ 11  42   5   2   0   2   9   7]
 [  3  15 181   9   1   4   8  64]
 [  1   0   4  36   2  17   3   5]
 [  0   0   0   0 124  10   0   2]
 [ 14   1   7  25  45 282  35  19]
 [ 35  21  12   7   4  23 132  78]
 [ 10  15  40  27  13  45  55 222]]
Normalized Confusion Matrix:
 [[ 67.38   6.38   1.42   5.67   0.     9.93   7.09   2.13]
 [ 14.1   53.85   6.41   2.56   0.     2.56  11.54   8.97]
 [  1.05   5.26  63.51   3.16   0.35   1.4    2.81  22.46]
 [  1.47   0.     5.88  52.94   2.94  25.     4.41   7.35]
 [  0.     0.     0.     0.    91.18   7.35   0.     1.47]
 [  3.27   0.23   1.64   5.84  10.51  65.89   8.18   4.44]
 [ 11.22   6.73   3.85   2.24   1.28   7.37  42.31  25.  ]
 [  2.34   3.51   9.37   6.32   3.04  10.54  12.88  51.99]]