Train Shapes (X, y):  (6076, 21), (6076,)
Test Shapes (X, y):  (1563, 21), (1563,)
Unique classes: ['AGN' 'Blazar' 'CV' 'Flare' 'HPM' 'Non-Transient' 'SN']
Unique count: [868 868 868 868 868 868 868]
Best Params: {'max_features': 'auto', 'n_estimators': 700}
Validation Accuracy: 0.6302
Test Accuracy: 0.6737
Report:
                precision    recall  f1-score   support

          AGN     0.6667    0.7092    0.6873       141
       Blazar     0.4943    0.5513    0.5212        78
           CV     0.7320    0.6421    0.6841       285
        Flare     0.3434    0.5000    0.4072        68
          HPM     0.6848    0.9265    0.7875       136
Non-Transient     0.7462    0.6939    0.7191       428
           SN     0.6835    0.6323    0.6569       427

  avg / total     0.6839    0.6737    0.6754      1563
Confusion Matrix:
 [[100  10   2   8   0  15   6]
 [ 13  43   8   2   0   3   9]
 [  3  14 183   9   2   8  66]
 [  1   0   5  34   2  16  10]
 [  0   0   0   0 126  10   0]
 [ 18   2   6  24  47 297  34]
 [ 15  18  46  22   7  49 270]]
Normalized Confusion Matrix:
 [[ 70.92   7.09   1.42   5.67   0.    10.64   4.26]
 [ 16.67  55.13  10.26   2.56   0.     3.85  11.54]
 [  1.05   4.91  64.21   3.16   0.7    2.81  23.16]
 [  1.47   0.     7.35  50.     2.94  23.53  14.71]
 [  0.     0.     0.     0.    92.65   7.35   0.  ]
 [  4.21   0.47   1.4    5.61  10.98  69.39   7.94]
 [  3.51   4.22  10.77   5.15   1.64  11.48  63.23]]