Train Shapes (X, y):  (4928, 27), (4928,)
Test Shapes (X, y):  (1362, 27), (1362,)
Unique classes: ['AGN' 'Blazar' 'CV' 'Flare' 'HPM' 'Non-Transient' 'SN']
Unique count: [704 704 704 704 704 704 704]
Best Params: {'hidden_layer_sizes': 100, 'activation': 'relu', 'alpha': 0.1, 'learning_rate': 'constant'}
Validation Accuracy: 0.6159
Test Accuracy: 0.6601
Report:
                precision    recall  f1-score   support

          AGN     0.6412    0.7730    0.7010       141
       Blazar     0.4700    0.6104    0.5311        77
           CV     0.7224    0.6860    0.7038       258
        Flare     0.3217    0.5968    0.4181        62
          HPM     0.7582    0.8788    0.8140       132
Non-Transient     0.7307    0.6821    0.7055       346
           SN     0.6914    0.5116    0.5880       346

  avg / total     0.6792    0.6601    0.6624      1362
Confusion Matrix:
 [[109   9   0   7   0  11   5]
 [ 12  47  10   1   0   0   7]
 [  8  23 177   6   1   6  37]
 [  1   0   1  37   1  17   5]
 [  1   0   0   0 116  15   0]
 [ 16   2   7  33  27 236  25]
 [ 23  19  50  31   8  38 177]]
Normalized Confusion Matrix:
 [[ 77.3    6.38   0.     4.96   0.     7.8    3.55]
 [ 15.58  61.04  12.99   1.3    0.     0.     9.09]
 [  3.1    8.91  68.6    2.33   0.39   2.33  14.34]
 [  1.61   0.     1.61  59.68   1.61  27.42   8.06]
 [  0.76   0.     0.     0.    87.88  11.36   0.  ]
 [  4.62   0.58   2.02   9.54   7.8   68.21   7.23]
 [  6.65   5.49  14.45   8.96   2.31  10.98  51.16]]