Train Shapes (X, y):  (4928, 27), (4928,)
Test Shapes (X, y):  (1230, 27), (1230,)
Unique classes: ['AGN' 'Blazar' 'CV' 'Flare' 'HPM' 'Other' 'SN']
Unique count: [704 704 704 704 704 704 704]
Best Params: {'max_features': 'auto', 'n_estimators': 700}
Validation Accuracy: 0.6218
Test Accuracy: 0.6724
Report:
              precision    recall  f1-score   support

        AGN     0.7027    0.7376    0.7197       141
     Blazar     0.4483    0.5065    0.4756        77
         CV     0.7934    0.7442    0.7680       258
      Flare     0.5000    0.6452    0.5634        62
        HPM     0.9014    0.9697    0.9343       132
      Other     0.4870    0.4393    0.4619       214
         SN     0.6805    0.6647    0.6725       346

avg / total     0.6731    0.6724    0.6716      1230
Confusion Matrix:
 [[104   6   0   3   1  22   5]
 [ 10  39   7   1   0  11   9]
 [  1  13 192   4   2  16  30]
 [  1   0   2  40   1   6  12]
 [  1   0   0   1 128   0   2]
 [ 25  15  12  14   4  94  50]
 [  6  14  29  17   6  44 230]]
Normalized Confusion Matrix:
 [[ 73.76   4.26   0.     2.13   0.71  15.6    3.55]
 [ 12.99  50.65   9.09   1.3    0.    14.29  11.69]
 [  0.39   5.04  74.42   1.55   0.78   6.2   11.63]
 [  1.61   0.     3.23  64.52   1.61   9.68  19.35]
 [  0.76   0.     0.     0.76  96.97   0.     1.52]
 [ 11.68   7.01   5.61   6.54   1.87  43.93  23.36]
 [  1.73   4.05   8.38   4.91   1.73  12.72  66.47]]