Train Shapes (X, y):  (6076, 27), (6076,)
Test Shapes (X, y):  (1447, 27), (1447,)
Unique classes: ['AGN' 'Blazar' 'CV' 'Flare' 'HPM' 'Other' 'SN']
Unique count: [868 868 868 868 868 868 868]
Best Params: {'hidden_layer_sizes': (100, 100), 'activation': 'relu', 'alpha': 0.0001, 'learning_rate': 'constant'}
Validation Accuracy: 0.5532
Test Accuracy: 0.5619
Report:
              precision    recall  f1-score   support

        AGN     0.4934    0.7943    0.6087       141
     Blazar     0.3310    0.6026    0.4273        78
         CV     0.7465    0.5579    0.6386       285
      Flare     0.4018    0.6618    0.5000        68
        HPM     0.8210    0.9779    0.8926       136
      Other     0.5401    0.2372    0.3296       312
         SN     0.5352    0.5691    0.5516       427

avg / total     0.5834    0.5619    0.5494      1447
Confusion Matrix:
 [[112  11   0   9   1   4   4]
 [ 14  47   3   2   1   3   8]
 [  9  29 159  12   1  11  64]
 [  3   0   0  45   5   4  11]
 [  0   0   0   0 133   0   3]
 [ 59  21  16  16   5  74 121]
 [ 30  34  35  28  16  41 243]]
Normalized Confusion Matrix:
 [[ 79.43   7.8    0.     6.38   0.71   2.84   2.84]
 [ 17.95  60.26   3.85   2.56   1.28   3.85  10.26]
 [  3.16  10.18  55.79   4.21   0.35   3.86  22.46]
 [  4.41   0.     0.    66.18   7.35   5.88  16.18]
 [  0.     0.     0.     0.    97.79   0.     2.21]
 [ 18.91   6.73   5.13   5.13   1.6   23.72  38.78]
 [  7.03   7.96   8.2    6.56   3.75   9.6   56.91]]