Train Shapes (X, y):  (4928, 31), (4928,)
Test Shapes (X, y):  (1362, 31), (1362,)
Unique classes: ['AGN' 'Blazar' 'CV' 'Flare' 'HPM' 'Non-Transient' 'SN']
Unique count: [704 704 704 704 704 704 704]
Best Params: {'C': 100, 'kernel': 'rbf', 'gamma': 0.01}
Validation Accuracy: 0.6197
Test Accuracy: 0.6549
Report:
                precision    recall  f1-score   support

          AGN     0.6092    0.7518    0.6730       141
       Blazar     0.4274    0.6494    0.5155        77
           CV     0.7581    0.6318    0.6892       258
        Flare     0.3504    0.6613    0.4581        62
          HPM     0.7468    0.8939    0.8138       132
Non-Transient     0.7287    0.6908    0.7092       346
           SN     0.6917    0.5058    0.5843       346

  avg / total     0.6800    0.6549    0.6577      1362
Confusion Matrix:
 [[106  10   1   8   0  12   4]
 [ 12  50   4   1   0   1   9]
 [  8  32 163   5   2   8  40]
 [  2   0   0  41   1  16   2]
 [  1   0   0   1 118  12   0]
 [ 18   1   3  31  31 239  23]
 [ 27  24  44  30   6  40 175]]
Normalized Confusion Matrix:
 [[ 75.18   7.09   0.71   5.67   0.     8.51   2.84]
 [ 15.58  64.94   5.19   1.3    0.     1.3   11.69]
 [  3.1   12.4   63.18   1.94   0.78   3.1   15.5 ]
 [  3.23   0.     0.    66.13   1.61  25.81   3.23]
 [  0.76   0.     0.     0.76  89.39   9.09   0.  ]
 [  5.2    0.29   0.87   8.96   8.96  69.08   6.65]
 [  7.8    6.94  12.72   8.67   1.73  11.56  50.58]]