Train Shapes (X, y):  (6076, 21), (6076,)
Test Shapes (X, y):  (1447, 21), (1447,)
Unique classes: ['AGN' 'Blazar' 'CV' 'Flare' 'HPM' 'Other' 'SN']
Unique count: [868 868 868 868 868 868 868]
Best Params: {'hidden_layer_sizes': (100, 100), 'activation': 'logistic', 'alpha': 0.01, 'learning_rate': 'constant'}
Validation Accuracy: 0.5670
Test Accuracy: 0.5950
Report:
              precision    recall  f1-score   support

        AGN     0.5952    0.7092    0.6472       141
     Blazar     0.4286    0.5000    0.4615        78
         CV     0.7167    0.6035    0.6552       285
      Flare     0.3761    0.6471    0.4757        68
        HPM     0.8452    0.9632    0.9003       136
      Other     0.5180    0.3686    0.4307       312
         SN     0.5727    0.6089    0.5902       427

avg / total     0.6001    0.5950    0.5910      1447
Confusion Matrix:
 [[100  10   1   8   1  18   3]
 [ 13  39  10   2   0   5   9]
 [  2  15 172  13   0  17  66]
 [  1   0   0  44   5   8  10]
 [  0   0   0   2 131   0   3]
 [ 35  16  18  21   4 115 103]
 [ 17  11  39  27  14  59 260]]
Normalized Confusion Matrix:
 [[ 70.92   7.09   0.71   5.67   0.71  12.77   2.13]
 [ 16.67  50.    12.82   2.56   0.     6.41  11.54]
 [  0.7    5.26  60.35   4.56   0.     5.96  23.16]
 [  1.47   0.     0.    64.71   7.35  11.76  14.71]
 [  0.     0.     0.     1.47  96.32   0.     2.21]
 [ 11.22   5.13   5.77   6.73   1.28  36.86  33.01]
 [  3.98   2.58   9.13   6.32   3.28  13.82  60.89]]