Train Shapes (X, y):  (6944, 21), (6944,)
Test Shapes (X, y):  (1875, 21), (1875,)
Unique classes: ['AGN' 'Blazar' 'CV' 'Flare' 'HPM' 'Non-Transient' 'Other' 'SN']
Unique count: [868 868 868 868 868 868 868 868]
Best Params: {'hidden_layer_sizes': 100, 'activation': 'relu', 'alpha': 0.0001, 'learning_rate': 'constant'}
Validation Accuracy: 0.5367
Test Accuracy: 0.5509
Report:
                precision    recall  f1-score   support

          AGN     0.5497    0.6667    0.6026       141
       Blazar     0.3438    0.5641    0.4272        78
           CV     0.7004    0.6070    0.6504       285
        Flare     0.2650    0.4559    0.3351        68
          HPM     0.6443    0.9191    0.7576       136
Non-Transient     0.6765    0.6402    0.6579       428
        Other     0.4213    0.3173    0.3620       312
           SN     0.5106    0.4520    0.4795       427

  avg / total     0.5593    0.5509    0.5486      1875
Confusion Matrix:
 [[ 94   8   2   8   0  13  13   3]
 [ 12  44   5   1   0   2   8   6]
 [  3  19 173   9   2   6  19  54]
 [  1   1   6  31   2  16   1  10]
 [  0   0   0   0 125  10   0   1]
 [  7   1   7  36  46 274  38  19]
 [ 40  24   8   9   5  35  99  92]
 [ 14  31  46  23  14  49  57 193]]
Normalized Confusion Matrix:
 [[ 66.67   5.67   1.42   5.67   0.     9.22   9.22   2.13]
 [ 15.38  56.41   6.41   1.28   0.     2.56  10.26   7.69]
 [  1.05   6.67  60.7    3.16   0.7    2.11   6.67  18.95]
 [  1.47   1.47   8.82  45.59   2.94  23.53   1.47  14.71]
 [  0.     0.     0.     0.    91.91   7.35   0.     0.74]
 [  1.64   0.23   1.64   8.41  10.75  64.02   8.88   4.44]
 [ 12.82   7.69   2.56   2.88   1.6   11.22  31.73  29.49]
 [  3.28   7.26  10.77   5.39   3.28  11.48  13.35  45.2 ]]