Train Shapes (X, y):  (5624, 27), (5624,)
Test Shapes (X, y):  (1577, 27), (1577,)
Unique classes: ['AGN' 'Blazar' 'CV' 'Flare' 'HPM' 'Non-Transient' 'Other' 'SN']
Unique count: [703 703 703 703 703 703 703 703]
Best Params: {'max_features': 'auto', 'n_estimators': 200}
Validation Accuracy: 0.5974
Test Accuracy: 0.6696
Report:
                precision    recall  f1-score   support

          AGN     0.6903    0.7589    0.7230       141
       Blazar     0.5455    0.5526    0.5490        76
           CV     0.8033    0.7442    0.7726       258
        Flare     0.3483    0.5000    0.4106        62
          HPM     0.7821    0.9242    0.8472       132
Non-Transient     0.7090    0.7723    0.7393       347
        Other     0.4663    0.4206    0.4423       214
           SN     0.7034    0.5879    0.6405       347

  avg / total     0.6727    0.6696    0.6682      1577
Confusion Matrix:
 [[107   8   0   1   1   7  15   2]
 [ 11  42   6   1   0   0   7   9]
 [  0  11 192   6   2   3  17  27]
 [  1   0   2  31   1  22   2   3]
 [  1   0   0   0 122   9   0   0]
 [  2   1   3  21  19 268  23  10]
 [ 30   9  13   6   5  26  90  35]
 [  3   6  23  23   6  43  39 204]]
Normalized Confusion Matrix:
 [[ 75.89   5.67   0.     0.71   0.71   4.96  10.64   1.42]
 [ 14.47  55.26   7.89   1.32   0.     0.     9.21  11.84]
 [  0.     4.26  74.42   2.33   0.78   1.16   6.59  10.47]
 [  1.61   0.     3.23  50.     1.61  35.48   3.23   4.84]
 [  0.76   0.     0.     0.    92.42   6.82   0.     0.  ]
 [  0.58   0.29   0.86   6.05   5.48  77.23   6.63   2.88]
 [ 14.02   4.21   6.07   2.8    2.34  12.15  42.06  16.36]
 [  0.86   1.73   6.63   6.63   1.73  12.39  11.24  58.79]]