Train Shapes (X, y):  (4928, 21), (4928,)
Test Shapes (X, y):  (1362, 21), (1362,)
Unique classes: ['AGN' 'Blazar' 'CV' 'Flare' 'HPM' 'Non-Transient' 'SN']
Unique count: [704 704 704 704 704 704 704]
Best Params: {'hidden_layer_sizes': 100, 'activation': 'relu', 'alpha': 0.001, 'learning_rate': 'constant'}
Validation Accuracy: 0.5885
Test Accuracy: 0.6300
Report:
                precision    recall  f1-score   support

          AGN     0.5902    0.7660    0.6667       141
       Blazar     0.5054    0.6104    0.5529        77
           CV     0.8283    0.6357    0.7193       258
        Flare     0.3071    0.6290    0.4127        62
          HPM     0.5942    0.9318    0.7257       132
Non-Transient     0.7321    0.4740    0.5754       346
           SN     0.6455    0.6156    0.6302       346

  avg / total     0.6681    0.6300    0.6319      1362
Confusion Matrix:
 [[108   9   0   7   0  10   7]
 [ 10  47   8   1   1   0  10]
 [  8  25 164   6   4   4  47]
 [  4   0   1  39   1  12   5]
 [  1   0   0   0 123   6   2]
 [ 25   1   2  44  64 164  46]
 [ 27  11  23  30  14  28 213]]
Normalized Confusion Matrix:
 [[ 76.6    6.38   0.     4.96   0.     7.09   4.96]
 [ 12.99  61.04  10.39   1.3    1.3    0.    12.99]
 [  3.1    9.69  63.57   2.33   1.55   1.55  18.22]
 [  6.45   0.     1.61  62.9    1.61  19.35   8.06]
 [  0.76   0.     0.     0.    93.18   4.55   1.52]
 [  7.23   0.29   0.58  12.72  18.5   47.4   13.29]
 [  7.8    3.18   6.65   8.67   4.05   8.09  61.56]]