Train Shapes (X, y):  (6076, 31), (6076,)
Test Shapes (X, y):  (1447, 31), (1447,)
Unique classes: ['AGN' 'Blazar' 'CV' 'Flare' 'HPM' 'Other' 'SN']
Unique count: [868 868 868 868 868 868 868]
Best Params: {'C': 100, 'kernel': 'rbf', 'gamma': 0.01}
Validation Accuracy: 0.5634
Test Accuracy: 0.5791
Report:
              precision    recall  f1-score   support

        AGN     0.5347    0.7660    0.6297       141
     Blazar     0.3607    0.5641    0.4400        78
         CV     0.7385    0.5649    0.6402       285
      Flare     0.3704    0.5882    0.4545        68
        HPM     0.8258    0.9412    0.8797       136
      Other     0.5046    0.3494    0.4129       312
         SN     0.5822    0.5808    0.5815       427

avg / total     0.5926    0.5791    0.5758      1447
Confusion Matrix:
 [[108   8   0   7   0  15   3]
 [ 13  44   5   2   0   7   7]
 [  9  25 161  11   4  17  58]
 [  2   1   2  40   5   5  13]
 [  0   0   1   1 128   2   4]
 [ 46  21  19  18   6 109  93]
 [ 24  23  30  29  12  61 248]]
Normalized Confusion Matrix:
 [[ 76.6    5.67   0.     4.96   0.    10.64   2.13]
 [ 16.67  56.41   6.41   2.56   0.     8.97   8.97]
 [  3.16   8.77  56.49   3.86   1.4    5.96  20.35]
 [  2.94   1.47   2.94  58.82   7.35   7.35  19.12]
 [  0.     0.     0.74   0.74  94.12   1.47   2.94]
 [ 14.74   6.73   6.09   5.77   1.92  34.94  29.81]
 [  5.62   5.39   7.03   6.79   2.81  14.29  58.08]]