Train Shapes (X, y):  (6944, 21), (6944,)
Test Shapes (X, y):  (1875, 21), (1875,)
Unique classes: ['AGN' 'Blazar' 'CV' 'Flare' 'HPM' 'Non-Transient' 'Other' 'SN']
Unique count: [868 868 868 868 868 868 868 868]
Best Params: {'C': 1000, 'kernel': 'rbf', 'gamma': 0.1}
Validation Accuracy: 0.5331
Test Accuracy: 0.5456
Report:
                precision    recall  f1-score   support

          AGN     0.5000    0.7234    0.5913       141
       Blazar     0.3554    0.5513    0.4322        78
           CV     0.7163    0.5404    0.6160       285
        Flare     0.2468    0.5735    0.3451        68
          HPM     0.6667    0.9412    0.7805       136
Non-Transient     0.6881    0.6238    0.6544       428
        Other     0.4307    0.2788    0.3385       312
           SN     0.5139    0.4754    0.4939       427

  avg / total     0.5644    0.5456    0.5434      1875
Confusion Matrix:
 [[102   8   1   8   0  12   7   3]
 [ 12  43   5   1   1   2   5   9]
 [  7  22 154  12   1   4  19  66]
 [  1   0   3  39   1  14   4   6]
 [  0   0   0   0 128   7   0   1]
 [ 18   1   5  46  47 267  24  20]
 [ 43  22  12  19   2  40  87  87]
 [ 21  25  35  33  12  42  56 203]]
Normalized Confusion Matrix:
 [[ 72.34   5.67   0.71   5.67   0.     8.51   4.96   2.13]
 [ 15.38  55.13   6.41   1.28   1.28   2.56   6.41  11.54]
 [  2.46   7.72  54.04   4.21   0.35   1.4    6.67  23.16]
 [  1.47   0.     4.41  57.35   1.47  20.59   5.88   8.82]
 [  0.     0.     0.     0.    94.12   5.15   0.     0.74]
 [  4.21   0.23   1.17  10.75  10.98  62.38   5.61   4.67]
 [ 13.78   7.05   3.85   6.09   0.64  12.82  27.88  27.88]
 [  4.92   5.85   8.2    7.73   2.81   9.84  13.11  47.54]]