Train Shapes (X, y):  (4928, 27), (4928,)
Test Shapes (X, y):  (1230, 27), (1230,)
Unique classes: ['AGN' 'Blazar' 'CV' 'Flare' 'HPM' 'Other' 'SN']
Unique count: [704 704 704 704 704 704 704]
Best Params: {'C': 1000, 'kernel': 'rbf', 'gamma': 0.1}
Validation Accuracy: 0.5728
Test Accuracy: 0.6000
Report:
              precision    recall  f1-score   support

        AGN     0.5816    0.8085    0.6766       141
     Blazar     0.3925    0.5455    0.4565        77
         CV     0.7816    0.6240    0.6940       258
      Flare     0.4037    0.7097    0.5146        62
        HPM     0.8873    0.9545    0.9197       132
      Other     0.4054    0.2804    0.3315       214
         SN     0.5932    0.5520    0.5719       346

avg / total     0.6081    0.6000    0.5949      1230
Confusion Matrix:
 [[114   4   0   8   0  12   3]
 [ 12  42   7   1   1   7   7]
 [  5  24 161   6   2  14  46]
 [  3   0   1  44   1   4   9]
 [  1   0   0   1 126   0   4]
 [ 41  18   8  23   2  60  62]
 [ 20  19  29  26  10  51 191]]
Normalized Confusion Matrix:
 [[ 80.85   2.84   0.     5.67   0.     8.51   2.13]
 [ 15.58  54.55   9.09   1.3    1.3    9.09   9.09]
 [  1.94   9.3   62.4    2.33   0.78   5.43  17.83]
 [  4.84   0.     1.61  70.97   1.61   6.45  14.52]
 [  0.76   0.     0.     0.76  95.45   0.     3.03]
 [ 19.16   8.41   3.74  10.75   0.93  28.04  28.97]
 [  5.78   5.49   8.38   7.51   2.89  14.74  55.2 ]]