Train Shapes (X, y):  (5624, 31), (5624,)
Test Shapes (X, y):  (1577, 31), (1577,)
Unique classes: ['AGN' 'Blazar' 'CV' 'Flare' 'HPM' 'Non-Transient' 'Other' 'SN']
Unique count: [703 703 703 703 703 703 703 703]
Best Params: {'C': 100, 'kernel': 'rbf', 'gamma': 0.01}
Validation Accuracy: 0.5459
Test Accuracy: 0.5808
Report:
                precision    recall  f1-score   support

          AGN     0.5738    0.7447    0.6481       141
       Blazar     0.3782    0.5921    0.4615        76
           CV     0.7488    0.6240    0.6808       258
        Flare     0.3030    0.6452    0.4124        62
          HPM     0.7329    0.8939    0.8055       132
Non-Transient     0.6610    0.6686    0.6648       347
        Other     0.3797    0.3318    0.3541       214
           SN     0.6288    0.4150    0.5000       347

  avg / total     0.6006    0.5808    0.5795      1577
Confusion Matrix:
 [[105   7   1   8   0   7  11   2]
 [  9  45   4   1   1   0   9   7]
 [  5  30 161   5   1   6  15  35]
 [  2   0   1  40   0  16   0   3]
 [  1   0   0   1 118  12   0   0]
 [ 13   1   3  30  30 232  29   9]
 [ 38  18   6  13   6  33  71  29]
 [ 10  18  39  34   5  45  52 144]]
Normalized Confusion Matrix:
 [[ 74.47   4.96   0.71   5.67   0.     4.96   7.8    1.42]
 [ 11.84  59.21   5.26   1.32   1.32   0.    11.84   9.21]
 [  1.94  11.63  62.4    1.94   0.39   2.33   5.81  13.57]
 [  3.23   0.     1.61  64.52   0.    25.81   0.     4.84]
 [  0.76   0.     0.     0.76  89.39   9.09   0.     0.  ]
 [  3.75   0.29   0.86   8.65   8.65  66.86   8.36   2.59]
 [ 17.76   8.41   2.8    6.07   2.8   15.42  33.18  13.55]
 [  2.88   5.19  11.24   9.8    1.44  12.97  14.99  41.5 ]]