Train Shapes (X, y):  (6076, 27), (6076,)
Test Shapes (X, y):  (1447, 27), (1447,)
Unique classes: ['AGN' 'Blazar' 'CV' 'Flare' 'HPM' 'Other' 'SN']
Unique count: [868 868 868 868 868 868 868]
Best Params: {'C': 1000, 'kernel': 'rbf', 'gamma': 0.1}
Validation Accuracy: 0.5614
Test Accuracy: 0.5605
Report:
              precision    recall  f1-score   support

        AGN     0.5143    0.7660    0.6154       141
     Blazar     0.3583    0.5513    0.4343        78
         CV     0.7487    0.5228    0.6157       285
      Flare     0.3684    0.6176    0.4615        68
        HPM     0.8562    0.9632    0.9066       136
      Other     0.4689    0.3141    0.3762       312
         SN     0.5430    0.5621    0.5524       427

avg / total     0.5760    0.5605    0.5557      1447
Confusion Matrix:
 [[108   6   0   8   0  16   3]
 [ 13  43   3   2   1   7   9]
 [  9  24 149  13   2  17  71]
 [  3   0   3  42   5   6   9]
 [  0   0   0   1 131   0   4]
 [ 51  21  13  20   3  98 106]
 [ 26  26  31  28  11  65 240]]
Normalized Confusion Matrix:
 [[ 76.6    4.26   0.     5.67   0.    11.35   2.13]
 [ 16.67  55.13   3.85   2.56   1.28   8.97  11.54]
 [  3.16   8.42  52.28   4.56   0.7    5.96  24.91]
 [  4.41   0.     4.41  61.76   7.35   8.82  13.24]
 [  0.     0.     0.     0.74  96.32   0.     2.94]
 [ 16.35   6.73   4.17   6.41   0.96  31.41  33.97]
 [  6.09   6.09   7.26   6.56   2.58  15.22  56.21]]