Train Shapes (X, y):  (6076, 27), (6076,)
Test Shapes (X, y):  (1447, 27), (1447,)
Unique classes: ['AGN' 'Blazar' 'CV' 'Flare' 'HPM' 'Other' 'SN']
Unique count: [868 868 868 868 868 868 868]
Best Params: {'hidden_layer_sizes': (100, 100), 'activation': 'logistic', 'alpha': 0.01, 'learning_rate': 'constant'}
Validation Accuracy: 0.5647
Test Accuracy: 0.5819
Report:
              precision    recall  f1-score   support

        AGN     0.5906    0.7163    0.6474       141
     Blazar     0.3796    0.5256    0.4409        78
         CV     0.7303    0.6175    0.6692       285
      Flare     0.3839    0.6324    0.4778        68
        HPM     0.8187    0.9632    0.8851       136
      Other     0.4876    0.3782    0.4260       312
         SN     0.5617    0.5433    0.5524       427

avg / total     0.5878    0.5819    0.5792      1447
Confusion Matrix:
 [[101  10   1   7   1  18   3]
 [ 11  41   8   0   1   6  11]
 [  5  15 176  12   1  16  60]
 [  1   0   0  43   6  10   8]
 [  0   0   2   1 131   0   2]
 [ 38  20  14  19   6 118  97]
 [ 15  22  40  30  14  74 232]]
Normalized Confusion Matrix:
 [[ 71.63   7.09   0.71   4.96   0.71  12.77   2.13]
 [ 14.1   52.56  10.26   0.     1.28   7.69  14.1 ]
 [  1.75   5.26  61.75   4.21   0.35   5.61  21.05]
 [  1.47   0.     0.    63.24   8.82  14.71  11.76]
 [  0.     0.     1.47   0.74  96.32   0.     1.47]
 [ 12.18   6.41   4.49   6.09   1.92  37.82  31.09]
 [  3.51   5.15   9.37   7.03   3.28  17.33  54.33]]