Train Shapes (X, y):  (6076, 27), (6076,)
Test Shapes (X, y):  (1447, 27), (1447,)
Unique classes: ['AGN' 'Blazar' 'CV' 'Flare' 'HPM' 'Other' 'SN']
Unique count: [868 868 868 868 868 868 868]
Best Params: {'max_features': 'log2', 'n_estimators': 200}
Validation Accuracy: 0.6017
Test Accuracy: 0.6337
Report:
              precision    recall  f1-score   support

        AGN     0.6271    0.7872    0.6981       141
     Blazar     0.4479    0.5513    0.4943        78
         CV     0.7559    0.6737    0.7124       285
      Flare     0.4400    0.6471    0.5238        68
        HPM     0.9028    0.9559    0.9286       136
      Other     0.5353    0.4135    0.4665       312
         SN     0.6161    0.6276    0.6218       427

avg / total     0.6369    0.6337    0.6310      1447
Confusion Matrix:
 [[111   9   0   4   0  14   3]
 [ 11  43   5   1   0   8  10]
 [  3  14 192   7   1  20  48]
 [  1   0   4  44   3   4  12]
 [  0   0   0   3 130   2   1]
 [ 39  17  18  11   5 129  93]
 [ 12  13  35  30   5  64 268]]
Normalized Confusion Matrix:
 [[ 78.72   6.38   0.     2.84   0.     9.93   2.13]
 [ 14.1   55.13   6.41   1.28   0.    10.26  12.82]
 [  1.05   4.91  67.37   2.46   0.35   7.02  16.84]
 [  1.47   0.     5.88  64.71   4.41   5.88  17.65]
 [  0.     0.     0.     2.21  95.59   1.47   0.74]
 [ 12.5    5.45   5.77   3.53   1.6   41.35  29.81]
 [  2.81   3.04   8.2    7.03   1.17  14.99  62.76]]