Train Shapes (X, y):  (6076, 27), (6076,)
Test Shapes (X, y):  (1447, 27), (1447,)
Unique classes: ['AGN' 'Blazar' 'CV' 'Flare' 'HPM' 'Other' 'SN']
Unique count: [868 868 868 868 868 868 868]
Best Params: {'max_features': 'auto', 'n_estimators': 700}
Validation Accuracy: 0.5986
Test Accuracy: 0.6489
Report:
              precision    recall  f1-score   support

        AGN     0.6347    0.7518    0.6883       141
     Blazar     0.4457    0.5256    0.4824        78
         CV     0.7577    0.6912    0.7229       285
      Flare     0.4457    0.6029    0.5125        68
        HPM     0.9034    0.9632    0.9324       136
      Other     0.5698    0.4840    0.5234       312
         SN     0.6385    0.6370    0.6377       427

avg / total     0.6522    0.6489    0.6482      1447
Confusion Matrix:
 [[106  11   0   3   1  17   3]
 [ 10  41   9   1   0  10   7]
 [  1  14 197   7   1  17  48]
 [  1   0   7  41   3   6  10]
 [  0   0   0   2 131   2   1]
 [ 38  11  14   9   4 151  85]
 [ 11  15  33  29   5  62 272]]
Normalized Confusion Matrix:
 [[ 75.18   7.8    0.     2.13   0.71  12.06   2.13]
 [ 12.82  52.56  11.54   1.28   0.    12.82   8.97]
 [  0.35   4.91  69.12   2.46   0.35   5.96  16.84]
 [  1.47   0.    10.29  60.29   4.41   8.82  14.71]
 [  0.     0.     0.     1.47  96.32   1.47   0.74]
 [ 12.18   3.53   4.49   2.88   1.28  48.4   27.24]
 [  2.58   3.51   7.73   6.79   1.17  14.52  63.7 ]]