Train Shapes (X, y):  (5624, 27), (5624,)
Test Shapes (X, y):  (1577, 27), (1577,)
Unique classes: ['AGN' 'Blazar' 'CV' 'Flare' 'HPM' 'Non-Transient' 'Other' 'SN']
Unique count: [703 703 703 703 703 703 703 703]
Best Params: {'C': 1000, 'kernel': 'rbf', 'gamma': 0.1}
Validation Accuracy: 0.5413
Test Accuracy: 0.5834
Report:
                precision    recall  f1-score   support

          AGN     0.5538    0.7660    0.6429       141
       Blazar     0.3628    0.5395    0.4339        76
           CV     0.7979    0.5969    0.6829       258
        Flare     0.3030    0.6452    0.4124        62
          HPM     0.7273    0.9091    0.8081       132
Non-Transient     0.6736    0.6542    0.6637       347
        Other     0.4040    0.2850    0.3342       214
           SN     0.5808    0.4870    0.5298       347

  avg / total     0.6012    0.5834    0.5819      1577
Confusion Matrix:
 [[108   4   0   7   0   8  11   3]
 [ 11  41   6   1   1   0  10   6]
 [  5  27 154   5   3   2  15  47]
 [  3   0   1  40   0  13   0   5]
 [  1   0   0   1 120  10   0   0]
 [ 15   2   1  32  32 227  18  20]
 [ 38  22   4  12   4  32  61  41]
 [ 14  17  27  34   5  45  36 169]]
Normalized Confusion Matrix:
 [[ 76.6    2.84   0.     4.96   0.     5.67   7.8    2.13]
 [ 14.47  53.95   7.89   1.32   1.32   0.    13.16   7.89]
 [  1.94  10.47  59.69   1.94   1.16   0.78   5.81  18.22]
 [  4.84   0.     1.61  64.52   0.    20.97   0.     8.06]
 [  0.76   0.     0.     0.76  90.91   7.58   0.     0.  ]
 [  4.32   0.58   0.29   9.22   9.22  65.42   5.19   5.76]
 [ 17.76  10.28   1.87   5.61   1.87  14.95  28.5   19.16]
 [  4.03   4.9    7.78   9.8    1.44  12.97  10.37  48.7 ]]