Train Shapes (X, y):  (6076, 21), (6076,)
Test Shapes (X, y):  (1563, 21), (1563,)
Unique classes: ['AGN' 'Blazar' 'CV' 'Flare' 'HPM' 'Non-Transient' 'SN']
Unique count: [868 868 868 868 868 868 868]
Best Params: {'hidden_layer_sizes': 100, 'activation': 'relu', 'alpha': 0.0001, 'learning_rate': 'constant'}
Validation Accuracy: 0.5831
Test Accuracy: 0.6052
Report:
                precision    recall  f1-score   support

          AGN     0.5308    0.7943    0.6364       141
       Blazar     0.4200    0.5385    0.4719        78
           CV     0.7190    0.6105    0.6603       285
        Flare     0.2778    0.6618    0.3913        68
          HPM     0.6000    0.9265    0.7283       136
Non-Transient     0.7465    0.4953    0.5955       428
           SN     0.6638    0.5504    0.6018       427

  avg / total     0.6500    0.6052    0.6092      1563
Confusion Matrix:
 [[112   9   0   7   0  10   3]
 [ 18  42   6   3   1   2   6]
 [  9  25 174  10   2   8  57]
 [  3   0   0  45   3   8   9]
 [  0   0   0   0 126   9   1]
 [ 39   1   4  61  68 212  43]
 [ 30  23  58  36  10  35 235]]
Normalized Confusion Matrix:
 [[ 79.43   6.38   0.     4.96   0.     7.09   2.13]
 [ 23.08  53.85   7.69   3.85   1.28   2.56   7.69]
 [  3.16   8.77  61.05   3.51   0.7    2.81  20.  ]
 [  4.41   0.     0.    66.18   4.41  11.76  13.24]
 [  0.     0.     0.     0.    92.65   6.62   0.74]
 [  9.11   0.23   0.93  14.25  15.89  49.53  10.05]
 [  7.03   5.39  13.58   8.43   2.34   8.2   55.04]]