Train Shapes (X, y):  (6076, 21), (6076,)
Test Shapes (X, y):  (1447, 21), (1447,)
Unique classes: ['AGN' 'Blazar' 'CV' 'Flare' 'HPM' 'Other' 'SN']
Unique count: [868 868 868 868 868 868 868]
Best Params: {'C': 1000, 'kernel': 'rbf', 'gamma': 0.1}
Validation Accuracy: 0.5614
Test Accuracy: 0.5543
Report:
              precision    recall  f1-score   support

        AGN     0.5143    0.7660    0.6154       141
     Blazar     0.3583    0.5513    0.4343        78
         CV     0.7437    0.5193    0.6116       285
      Flare     0.3684    0.6176    0.4615        68
        HPM     0.8618    0.9632    0.9097       136
      Other     0.4563    0.3013    0.3629       312
         SN     0.5291    0.5527    0.5407       427

avg / total     0.5688    0.5543    0.5488      1447
Confusion Matrix:
 [[108   6   0   8   0  16   3]
 [ 13  43   3   2   1   7   9]
 [  9  24 148  12   1  18  73]
 [  3   0   2  42   5   6  10]
 [  0   0   0   1 131   0   4]
 [ 51  21  14  18   3  94 111]
 [ 26  26  32  31  11  65 236]]
Normalized Confusion Matrix:
 [[ 76.6    4.26   0.     5.67   0.    11.35   2.13]
 [ 16.67  55.13   3.85   2.56   1.28   8.97  11.54]
 [  3.16   8.42  51.93   4.21   0.35   6.32  25.61]
 [  4.41   0.     2.94  61.76   7.35   8.82  14.71]
 [  0.     0.     0.     0.74  96.32   0.     2.94]
 [ 16.35   6.73   4.49   5.77   0.96  30.13  35.58]
 [  6.09   6.09   7.49   7.26   2.58  15.22  55.27]]