Train Shapes (X, y):  (4928, 21), (4928,)
Test Shapes (X, y):  (1362, 21), (1362,)
Unique classes: ['AGN' 'Blazar' 'CV' 'Flare' 'HPM' 'Non-Transient' 'SN']
Unique count: [704 704 704 704 704 704 704]
Best Params: {'C': 1000, 'kernel': 'rbf', 'gamma': 0.001}
Validation Accuracy: 0.6167
Test Accuracy: 0.6579
Report:
                precision    recall  f1-score   support

          AGN     0.6082    0.7376    0.6667       141
       Blazar     0.4299    0.5974    0.5000        77
           CV     0.8214    0.6240    0.7093       258
        Flare     0.3089    0.6129    0.4108        62
          HPM     0.7030    0.8788    0.7811       132
Non-Transient     0.7484    0.6705    0.7073       346
           SN     0.6862    0.5751    0.6258       346

  avg / total     0.6895    0.6579    0.6647      1362
Confusion Matrix:
 [[104  10   0  10   0  11   6]
 [ 16  46   6   1   1   0   7]
 [  8  27 161   5   3   4  50]
 [  4   1   1  38   0  14   4]
 [  1   0   0   1 116  14   0]
 [ 15   1   3  34  37 232  24]
 [ 23  22  25  34   8  35 199]]
Normalized Confusion Matrix:
 [[ 73.76   7.09   0.     7.09   0.     7.8    4.26]
 [ 20.78  59.74   7.79   1.3    1.3    0.     9.09]
 [  3.1   10.47  62.4    1.94   1.16   1.55  19.38]
 [  6.45   1.61   1.61  61.29   0.    22.58   6.45]
 [  0.76   0.     0.     0.76  87.88  10.61   0.  ]
 [  4.34   0.29   0.87   9.83  10.69  67.05   6.94]
 [  6.65   6.36   7.23   9.83   2.31  10.12  57.51]]