Train Shapes (X, y):  (5624, 31), (5624,)
Test Shapes (X, y):  (1577, 31), (1577,)
Unique classes: ['AGN' 'Blazar' 'CV' 'Flare' 'HPM' 'Non-Transient' 'Other' 'SN']
Unique count: [703 703 703 703 703 703 703 703]
Best Params: {'max_features': 'auto', 'n_estimators': 700}
Validation Accuracy: 0.6001
Test Accuracy: 0.6614
Report:
                precision    recall  f1-score   support

          AGN     0.6730    0.7589    0.7133       141
       Blazar     0.5479    0.5263    0.5369        76
           CV     0.7992    0.7403    0.7686       258
        Flare     0.3516    0.5161    0.4183        62
          HPM     0.7857    0.9167    0.8462       132
Non-Transient     0.7000    0.7666    0.7318       347
        Other     0.4486    0.3879    0.4160       214
           SN     0.6858    0.5850    0.6314       347

  avg / total     0.6627    0.6614    0.6591      1577
Confusion Matrix:
 [[107   5   0   2   1   8  16   2]
 [ 11  40   7   1   0   0  10   7]
 [  2  11 191   4   2   4  14  30]
 [  1   0   1  32   1  21   2   4]
 [  1   0   0   0 121  10   0   0]
 [  2   1   3  24  17 266  23  11]
 [ 31   9  14   7   6  25  83  39]
 [  4   7  23  21   6  46  37 203]]
Normalized Confusion Matrix:
 [[ 75.89   3.55   0.     1.42   0.71   5.67  11.35   1.42]
 [ 14.47  52.63   9.21   1.32   0.     0.    13.16   9.21]
 [  0.78   4.26  74.03   1.55   0.78   1.55   5.43  11.63]
 [  1.61   0.     1.61  51.61   1.61  33.87   3.23   6.45]
 [  0.76   0.     0.     0.    91.67   7.58   0.     0.  ]
 [  0.58   0.29   0.86   6.92   4.9   76.66   6.63   3.17]
 [ 14.49   4.21   6.54   3.27   2.8   11.68  38.79  18.22]
 [  1.15   2.02   6.63   6.05   1.73  13.26  10.66  58.5 ]]