Train Shapes (X, y):  (6076, 27), (6076,)
Test Shapes (X, y):  (1563, 27), (1563,)
Unique classes: ['AGN' 'Blazar' 'CV' 'Flare' 'HPM' 'Non-Transient' 'SN']
Unique count: [868 868 868 868 868 868 868]
Best Params: {'max_features': 'auto', 'n_estimators': 700}
Validation Accuracy: 0.6575
Test Accuracy: 0.7153
Report:
                precision    recall  f1-score   support

          AGN     0.7655    0.7872    0.7762       141
       Blazar     0.4412    0.5769    0.5000        78
           CV     0.7959    0.6842    0.7358       285
        Flare     0.3333    0.4853    0.3952        68
          HPM     0.7341    0.9338    0.8220       136
Non-Transient     0.7743    0.7453    0.7595       428
           SN     0.7442    0.6745    0.7076       427

  avg / total     0.7299    0.7153    0.7192      1563
Confusion Matrix:
 [[111  14   0   3   1   8   4]
 [ 11  45   8   2   0   3   9]
 [  1  21 195   8   2   8  50]
 [  1   0   6  33   2  16  10]
 [  0   0   0   0 127   8   1]
 [ 12   2   6  27  37 319  25]
 [  9  20  30  26   4  50 288]]
Normalized Confusion Matrix:
 [[ 78.72   9.93   0.     2.13   0.71   5.67   2.84]
 [ 14.1   57.69  10.26   2.56   0.     3.85  11.54]
 [  0.35   7.37  68.42   2.81   0.7    2.81  17.54]
 [  1.47   0.     8.82  48.53   2.94  23.53  14.71]
 [  0.     0.     0.     0.    93.38   5.88   0.74]
 [  2.8    0.47   1.4    6.31   8.64  74.53   5.84]
 [  2.11   4.68   7.03   6.09   0.94  11.71  67.45]]