Train Shapes (X, y):  (4928, 31), (4928,)
Test Shapes (X, y):  (1230, 31), (1230,)
Unique classes: ['AGN' 'Blazar' 'CV' 'Flare' 'HPM' 'Other' 'SN']
Unique count: [704 704 704 704 704 704 704]
Best Params: {'max_features': 'auto', 'n_estimators': 700}
Validation Accuracy: 0.6232
Test Accuracy: 0.6715
Report:
              precision    recall  f1-score   support

        AGN     0.7055    0.7305    0.7178       141
     Blazar     0.4494    0.5195    0.4819        77
         CV     0.7934    0.7442    0.7680       258
      Flare     0.4819    0.6452    0.5517        62
        HPM     0.9078    0.9697    0.9377       132
      Other     0.5054    0.4393    0.4700       214
         SN     0.6676    0.6618    0.6647       346

avg / total     0.6729    0.6715    0.6707      1230
Confusion Matrix:
 [[103   7   0   3   1  21   6]
 [ 11  40   7   1   0   9   9]
 [  1  14 192   4   2  14  31]
 [  1   0   2  40   1   4  14]
 [  1   0   0   1 128   0   2]
 [ 24  14  12  15   3  94  52]
 [  5  14  29  19   6  44 229]]
Normalized Confusion Matrix:
 [[ 73.05   4.96   0.     2.13   0.71  14.89   4.26]
 [ 14.29  51.95   9.09   1.3    0.    11.69  11.69]
 [  0.39   5.43  74.42   1.55   0.78   5.43  12.02]
 [  1.61   0.     3.23  64.52   1.61   6.45  22.58]
 [  0.76   0.     0.     0.76  96.97   0.     1.52]
 [ 11.21   6.54   5.61   7.01   1.4   43.93  24.3 ]
 [  1.45   4.05   8.38   5.49   1.73  12.72  66.18]]