Train Shapes (X, y):  (6944, 31), (6944,)
Test Shapes (X, y):  (1875, 31), (1875,)
Unique classes: ['AGN' 'Blazar' 'CV' 'Flare' 'HPM' 'Non-Transient' 'Other' 'SN']
Unique count: [868 868 868 868 868 868 868 868]
Best Params: {'max_features': 'auto', 'n_estimators': 200}
Validation Accuracy: 0.5707
Test Accuracy: 0.6224
Report:
                precision    recall  f1-score   support

          AGN     0.6205    0.7305    0.6710       141
       Blazar     0.3565    0.5256    0.4249        78
           CV     0.7348    0.6807    0.7067       285
        Flare     0.2970    0.4412    0.3550        68
          HPM     0.7000    0.9265    0.7975       136
Non-Transient     0.7576    0.7009    0.7282       428
        Other     0.5336    0.4071    0.4618       312
           SN     0.5928    0.5761    0.5843       427

  avg / total     0.6315    0.6224    0.6224      1875
Confusion Matrix:
 [[103  12   0   3   0   5  17   1]
 [ 11  41   5   2   0   0  12   7]
 [  1  18 194  10   2   6   8  46]
 [  1   0   8  30   2  16   4   7]
 [  0   0   0   0 126   7   0   3]
 [  6   2   7  30  38 300  26  19]
 [ 36  21  15   3   4  20 127  86]
 [  8  21  35  23   8  42  44 246]]
Normalized Confusion Matrix:
 [[ 73.05   8.51   0.     2.13   0.     3.55  12.06   0.71]
 [ 14.1   52.56   6.41   2.56   0.     0.    15.38   8.97]
 [  0.35   6.32  68.07   3.51   0.7    2.11   2.81  16.14]
 [  1.47   0.    11.76  44.12   2.94  23.53   5.88  10.29]
 [  0.     0.     0.     0.    92.65   5.15   0.     2.21]
 [  1.4    0.47   1.64   7.01   8.88  70.09   6.07   4.44]
 [ 11.54   6.73   4.81   0.96   1.28   6.41  40.71  27.56]
 [  1.87   4.92   8.2    5.39   1.87   9.84  10.3   57.61]]