Train Shapes (X, y):  (4928, 31), (4928,)
Test Shapes (X, y):  (1230, 31), (1230,)
Unique classes: ['AGN' 'Blazar' 'CV' 'Flare' 'HPM' 'Other' 'SN']
Unique count: [704 704 704 704 704 704 704]
Best Params: {'hidden_layer_sizes': 100, 'activation': 'relu', 'alpha': 0.1, 'learning_rate': 'constant'}
Validation Accuracy: 0.5712
Test Accuracy: 0.6122
Report:
              precision    recall  f1-score   support

        AGN     0.6500    0.7376    0.6910       141
     Blazar     0.3548    0.5714    0.4378        77
         CV     0.7167    0.6667    0.6908       258
      Flare     0.4128    0.7258    0.5263        62
        HPM     0.8767    0.9697    0.9209       132
      Other     0.4716    0.3879    0.4256       214
         SN     0.6436    0.5116    0.5700       346

avg / total     0.6251    0.6122    0.6113      1230
Confusion Matrix:
 [[104   7   1   6   0  19   4]
 [ 12  44   7   1   0   6   7]
 [  5  21 172   8   4  14  34]
 [  1   0   1  45   1   3  11]
 [  1   0   0   1 128   0   2]
 [ 27  25  12  23   4  83  40]
 [ 10  27  47  25   9  51 177]]
Normalized Confusion Matrix:
 [[ 73.76   4.96   0.71   4.26   0.    13.48   2.84]
 [ 15.58  57.14   9.09   1.3    0.     7.79   9.09]
 [  1.94   8.14  66.67   3.1    1.55   5.43  13.18]
 [  1.61   0.     1.61  72.58   1.61   4.84  17.74]
 [  0.76   0.     0.     0.76  96.97   0.     1.52]
 [ 12.62  11.68   5.61  10.75   1.87  38.79  18.69]
 [  2.89   7.8   13.58   7.23   2.6   14.74  51.16]]