Train Shapes (X, y):  (4928, 31), (4928,)
Test Shapes (X, y):  (1230, 31), (1230,)
Unique classes: ['AGN' 'Blazar' 'CV' 'Flare' 'HPM' 'Other' 'SN']
Unique count: [704 704 704 704 704 704 704]
Best Params: {'max_features': 'auto', 'n_estimators': 700}
Validation Accuracy: 0.6244
Test Accuracy: 0.6683
Report:
              precision    recall  f1-score   support

        AGN     0.6993    0.7589    0.7279       141
     Blazar     0.4348    0.5195    0.4734        77
         CV     0.8026    0.7248    0.7617       258
      Flare     0.5063    0.6452    0.5674        62
        HPM     0.9078    0.9697    0.9377       132
      Other     0.4737    0.4206    0.4455       214
         SN     0.6725    0.6647    0.6686       346

avg / total     0.6703    0.6683    0.6677      1230
Confusion Matrix:
 [[107   6   0   3   1  19   5]
 [ 12  40   7   0   0  10   8]
 [  1  12 187   5   2  19  32]
 [  1   0   2  40   1   6  12]
 [  1   0   0   1 128   2   0]
 [ 26  15  11  14   3  90  55]
 [  5  19  26  16   6  44 230]]
Normalized Confusion Matrix:
 [[ 75.89   4.26   0.     2.13   0.71  13.48   3.55]
 [ 15.58  51.95   9.09   0.     0.    12.99  10.39]
 [  0.39   4.65  72.48   1.94   0.78   7.36  12.4 ]
 [  1.61   0.     3.23  64.52   1.61   9.68  19.35]
 [  0.76   0.     0.     0.76  96.97   1.52   0.  ]
 [ 12.15   7.01   5.14   6.54   1.4   42.06  25.7 ]
 [  1.45   5.49   7.51   4.62   1.73  12.72  66.47]]