Train Shapes (X, y):  (4928, 27), (4928,)
Test Shapes (X, y):  (1230, 27), (1230,)
Unique classes: ['AGN' 'Blazar' 'CV' 'Flare' 'HPM' 'Other' 'SN']
Unique count: [704 704 704 704 704 704 704]
Best Params: {'max_features': 'auto', 'n_estimators': 700}
Validation Accuracy: 0.6280
Test Accuracy: 0.6715
Report:
              precision    recall  f1-score   support

        AGN     0.7034    0.7234    0.7133       141
     Blazar     0.4348    0.5195    0.4734        77
         CV     0.7934    0.7442    0.7680       258
      Flare     0.5062    0.6613    0.5734        62
        HPM     0.9014    0.9697    0.9343       132
      Other     0.4845    0.4393    0.4608       214
         SN     0.6856    0.6618    0.6735       346

avg / total     0.6737    0.6715    0.6713      1230
Confusion Matrix:
 [[102   7   0   3   1  25   3]
 [ 12  40   7   0   0  10   8]
 [  2  14 192   5   2  13  30]
 [  1   0   2  41   1   4  13]
 [  1   0   0   1 128   0   2]
 [ 23  15  14  15   4  94  49]
 [  4  16  27  16   6  48 229]]
Normalized Confusion Matrix:
 [[ 72.34   4.96   0.     2.13   0.71  17.73   2.13]
 [ 15.58  51.95   9.09   0.     0.    12.99  10.39]
 [  0.78   5.43  74.42   1.94   0.78   5.04  11.63]
 [  1.61   0.     3.23  66.13   1.61   6.45  20.97]
 [  0.76   0.     0.     0.76  96.97   0.     1.52]
 [ 10.75   7.01   6.54   7.01   1.87  43.93  22.9 ]
 [  1.16   4.62   7.8    4.62   1.73  13.87  66.18]]