Train Shapes (X, y):  (4928, 27), (4928,)
Test Shapes (X, y):  (1362, 27), (1362,)
Unique classes: ['AGN' 'Blazar' 'CV' 'Flare' 'HPM' 'Non-Transient' 'SN']
Unique count: [704 704 704 704 704 704 704]
Best Params: {'hidden_layer_sizes': 100, 'activation': 'relu', 'alpha': 0.0001, 'learning_rate': 'constant'}
Validation Accuracy: 0.5769
Test Accuracy: 0.6446
Report:
                precision    recall  f1-score   support

          AGN     0.6121    0.7163    0.6601       141
       Blazar     0.4505    0.6494    0.5319        77
           CV     0.8244    0.6550    0.7300       258
        Flare     0.3333    0.5323    0.4099        62
          HPM     0.6417    0.9091    0.7524       132
Non-Transient     0.7164    0.5694    0.6345       346
           SN     0.6500    0.6012    0.6246       346

  avg / total     0.6695    0.6446    0.6481      1362
Confusion Matrix:
 [[101  13   0   8   0  11   8]
 [  9  50   7   1   1   0   9]
 [  8  26 169   5   4   4  42]
 [  4   0   1  33   1  17   6]
 [  1   0   0   0 120   9   2]
 [ 22   1   2  31  48 197  45]
 [ 20  21  26  21  13  37 208]]
Normalized Confusion Matrix:
 [[ 71.63   9.22   0.     5.67   0.     7.8    5.67]
 [ 11.69  64.94   9.09   1.3    1.3    0.    11.69]
 [  3.1   10.08  65.5    1.94   1.55   1.55  16.28]
 [  6.45   0.     1.61  53.23   1.61  27.42   9.68]
 [  0.76   0.     0.     0.    90.91   6.82   1.52]
 [  6.36   0.29   0.58   8.96  13.87  56.94  13.01]
 [  5.78   6.07   7.51   6.07   3.76  10.69  60.12]]