Train Shapes (X, y):  (6944, 31), (6944,)
Test Shapes (X, y):  (1875, 31), (1875,)
Unique classes: ['AGN' 'Blazar' 'CV' 'Flare' 'HPM' 'Non-Transient' 'Other' 'SN']
Unique count: [868 868 868 868 868 868 868 868]
Best Params: {'max_features': 'log2', 'n_estimators': 700}
Validation Accuracy: 0.5720
Test Accuracy: 0.6240
Report:
                precision    recall  f1-score   support

          AGN     0.6069    0.7447    0.6688       141
       Blazar     0.3604    0.5128    0.4233        78
           CV     0.7273    0.6737    0.6995       285
        Flare     0.3137    0.4706    0.3765        68
          HPM     0.7200    0.9265    0.8103       136
Non-Transient     0.7363    0.7243    0.7303       428
        Other     0.5600    0.4038    0.4693       312
           SN     0.5916    0.5597    0.5752       427

  avg / total     0.6308    0.6240    0.6224      1875
Confusion Matrix:
 [[105  11   0   3   1   7  13   1]
 [ 12  40   8   1   0   1  10   6]
 [  2  18 192   7   1   9  11  45]
 [  1   0   7  32   2  16   3   7]
 [  0   0   0   1 126   6   0   3]
 [  8   2   9  32  30 310  20  17]
 [ 39  19  11   3   4  24 126  86]
 [  6  21  37  23  11  48  42 239]]
Normalized Confusion Matrix:
 [[ 74.47   7.8    0.     2.13   0.71   4.96   9.22   0.71]
 [ 15.38  51.28  10.26   1.28   0.     1.28  12.82   7.69]
 [  0.7    6.32  67.37   2.46   0.35   3.16   3.86  15.79]
 [  1.47   0.    10.29  47.06   2.94  23.53   4.41  10.29]
 [  0.     0.     0.     0.74  92.65   4.41   0.     2.21]
 [  1.87   0.47   2.1    7.48   7.01  72.43   4.67   3.97]
 [ 12.5    6.09   3.53   0.96   1.28   7.69  40.38  27.56]
 [  1.41   4.92   8.67   5.39   2.58  11.24   9.84  55.97]]