Train Shapes (X, y):  (6076, 31), (6076,)
Test Shapes (X, y):  (1447, 31), (1447,)
Unique classes: ['AGN' 'Blazar' 'CV' 'Flare' 'HPM' 'Other' 'SN']
Unique count: [868 868 868 868 868 868 868]
Best Params: {'max_features': 'auto', 'n_estimators': 700}
Validation Accuracy: 0.5994
Test Accuracy: 0.6399
Report:
              precision    recall  f1-score   support

        AGN     0.6127    0.7518    0.6752       141
     Blazar     0.4526    0.5513    0.4971        78
         CV     0.7640    0.6702    0.7140       285
      Flare     0.4554    0.6765    0.5444        68
        HPM     0.9091    0.9559    0.9319       136
      Other     0.5469    0.4487    0.4930       312
         SN     0.6294    0.6323    0.6308       427

avg / total     0.6451    0.6399    0.6388      1447
Confusion Matrix:
 [[106  10   0   4   0  19   2]
 [ 11  43   7   1   0   9   7]
 [  2  16 191   9   0  16  51]
 [  1   0   4  46   3   7   7]
 [  0   0   0   3 130   0   3]
 [ 40  15  15   8   5 140  89]
 [ 13  11  33  30   5  65 270]]
Normalized Confusion Matrix:
 [[ 75.18   7.09   0.     2.84   0.    13.48   1.42]
 [ 14.1   55.13   8.97   1.28   0.    11.54   8.97]
 [  0.7    5.61  67.02   3.16   0.     5.61  17.89]
 [  1.47   0.     5.88  67.65   4.41  10.29  10.29]
 [  0.     0.     0.     2.21  95.59   0.     2.21]
 [ 12.82   4.81   4.81   2.56   1.6   44.87  28.53]
 [  3.04   2.58   7.73   7.03   1.17  15.22  63.23]]