Train Shapes (X, y):  (6944, 27), (6944,)
Test Shapes (X, y):  (1875, 27), (1875,)
Unique classes: ['AGN' 'Blazar' 'CV' 'Flare' 'HPM' 'Non-Transient' 'Other' 'SN']
Unique count: [868 868 868 868 868 868 868 868]
Best Params: {'max_features': 'log2', 'n_estimators': 700}
Validation Accuracy: 0.5721
Test Accuracy: 0.6277
Report:
                precision    recall  f1-score   support

          AGN     0.6047    0.7376    0.6645       141
       Blazar     0.3717    0.5385    0.4398        78
           CV     0.7341    0.6877    0.7101       285
        Flare     0.3263    0.4559    0.3804        68
          HPM     0.7119    0.9265    0.8051       136
Non-Transient     0.7447    0.7360    0.7403       428
        Other     0.5498    0.4071    0.4678       312
           SN     0.5945    0.5527    0.5728       427

  avg / total     0.6328    0.6277    0.6257      1875
Confusion Matrix:
 [[104  12   0   2   1   5  15   2]
 [ 11  42   7   1   0   1  10   6]
 [  2  17 196   7   2   8   7  46]
 [  1   0   8  31   2  16   3   7]
 [  0   0   0   0 126   7   0   3]
 [ 10   2   8  27  31 315  19  16]
 [ 38  20  12   4   4  26 127  81]
 [  6  20  36  23  11  45  50 236]]
Normalized Confusion Matrix:
 [[ 73.76   8.51   0.     1.42   0.71   3.55  10.64   1.42]
 [ 14.1   53.85   8.97   1.28   0.     1.28  12.82   7.69]
 [  0.7    5.96  68.77   2.46   0.7    2.81   2.46  16.14]
 [  1.47   0.    11.76  45.59   2.94  23.53   4.41  10.29]
 [  0.     0.     0.     0.    92.65   5.15   0.     2.21]
 [  2.34   0.47   1.87   6.31   7.24  73.6    4.44   3.74]
 [ 12.18   6.41   3.85   1.28   1.28   8.33  40.71  25.96]
 [  1.41   4.68   8.43   5.39   2.58  10.54  11.71  55.27]]