Train Shapes (X, y):  (6076, 27), (6076,)
Test Shapes (X, y):  (1447, 27), (1447,)
Unique classes: ['AGN' 'Blazar' 'CV' 'Flare' 'HPM' 'Other' 'SN']
Unique count: [868 868 868 868 868 868 868]
Best Params: {'C': 100, 'kernel': 'rbf', 'gamma': 0.01}
Validation Accuracy: 0.5630
Test Accuracy: 0.5805
Report:
              precision    recall  f1-score   support

        AGN     0.5347    0.7660    0.6297       141
     Blazar     0.3607    0.5641    0.4400        78
         CV     0.7512    0.5719    0.6494       285
      Flare     0.3761    0.6029    0.4633        68
        HPM     0.8258    0.9412    0.8797       136
      Other     0.5046    0.3494    0.4129       312
         SN     0.5798    0.5785    0.5791       427

avg / total     0.5947    0.5805    0.5774      1447
Confusion Matrix:
 [[108   8   0   7   0  15   3]
 [ 13  44   5   2   0   7   7]
 [  9  25 163  11   4  16  57]
 [  2   1   2  41   5   4  13]
 [  0   0   1   1 128   2   4]
 [ 46  21  17  18   6 109  95]
 [ 24  23  29  29  12  63 247]]
Normalized Confusion Matrix:
 [[ 76.6    5.67   0.     4.96   0.    10.64   2.13]
 [ 16.67  56.41   6.41   2.56   0.     8.97   8.97]
 [  3.16   8.77  57.19   3.86   1.4    5.61  20.  ]
 [  2.94   1.47   2.94  60.29   7.35   5.88  19.12]
 [  0.     0.     0.74   0.74  94.12   1.47   2.94]
 [ 14.74   6.73   5.45   5.77   1.92  34.94  30.45]
 [  5.62   5.39   6.79   6.79   2.81  14.75  57.85]]