Train Shapes (X, y):  (6076, 27), (6076,)
Test Shapes (X, y):  (1563, 27), (1563,)
Unique classes: ['AGN' 'Blazar' 'CV' 'Flare' 'HPM' 'Non-Transient' 'SN']
Unique count: [868 868 868 868 868 868 868]
Best Params: {'max_features': 'log2', 'n_estimators': 700}
Validation Accuracy: 0.6615
Test Accuracy: 0.7262
Report:
                precision    recall  f1-score   support

          AGN     0.7651    0.8085    0.7862       141
       Blazar     0.4340    0.5897    0.5000        78
           CV     0.8156    0.6982    0.7524       285
        Flare     0.3118    0.4265    0.3602        68
          HPM     0.7730    0.9265    0.8428       136
Non-Transient     0.7855    0.7617    0.7734       428
           SN     0.7506    0.6909    0.7195       427

  avg / total     0.7404    0.7262    0.7304      1563
Confusion Matrix:
 [[114  16   0   1   1   6   3]
 [ 12  46   8   1   0   3   8]
 [  1  19 199   7   3   8  48]
 [  1   0   7  29   3  17  11]
 [  0   0   0   0 126   7   3]
 [ 12   2   6  29  28 326  25]
 [  9  23  24  26   2  48 295]]
Normalized Confusion Matrix:
 [[ 80.85  11.35   0.     0.71   0.71   4.26   2.13]
 [ 15.38  58.97  10.26   1.28   0.     3.85  10.26]
 [  0.35   6.67  69.82   2.46   1.05   2.81  16.84]
 [  1.47   0.    10.29  42.65   4.41  25.    16.18]
 [  0.     0.     0.     0.    92.65   5.15   2.21]
 [  2.8    0.47   1.4    6.78   6.54  76.17   5.84]
 [  2.11   5.39   5.62   6.09   0.47  11.24  69.09]]