Train Shapes (X, y):  (6076, 21), (6076,)
Test Shapes (X, y):  (1563, 21), (1563,)
Unique classes: ['AGN' 'Blazar' 'CV' 'Flare' 'HPM' 'Non-Transient' 'SN']
Unique count: [868 868 868 868 868 868 868]
Best Params: {'C': 1000, 'kernel': 'rbf', 'gamma': 0.1}
Validation Accuracy: 0.6208
Test Accuracy: 0.6456
Report:
                precision    recall  f1-score   support

          AGN     0.6481    0.7447    0.6931       141
       Blazar     0.4167    0.5769    0.4839        78
           CV     0.7718    0.5579    0.6477       285
        Flare     0.2635    0.5735    0.3611        68
          HPM     0.6882    0.9412    0.7950       136
Non-Transient     0.7473    0.6495    0.6950       428
           SN     0.6693    0.5972    0.6312       427

  avg / total     0.6788    0.6456    0.6524      1563
Confusion Matrix:
 [[105   8   1   8   0  15   4]
 [ 13  45   5   1   1   2  11]
 [  7  26 159  13   1   6  73]
 [  1   0   3  39   1  14  10]
 [  0   0   0   0 128   7   1]
 [ 20   2   4  50  47 278  27]
 [ 16  27  34  37   8  50 255]]
Normalized Confusion Matrix:
 [[ 74.47   5.67   0.71   5.67   0.    10.64   2.84]
 [ 16.67  57.69   6.41   1.28   1.28   2.56  14.1 ]
 [  2.46   9.12  55.79   4.56   0.35   2.11  25.61]
 [  1.47   0.     4.41  57.35   1.47  20.59  14.71]
 [  0.     0.     0.     0.    94.12   5.15   0.74]
 [  4.67   0.47   0.93  11.68  10.98  64.95   6.31]
 [  3.75   6.32   7.96   8.67   1.87  11.71  59.72]]