Train Shapes (X, y):  (5624, 21), (5624,)
Test Shapes (X, y):  (1577, 21), (1577,)
Unique classes: ['AGN' 'Blazar' 'CV' 'Flare' 'HPM' 'Non-Transient' 'Other' 'SN']
Unique count: [703 703 703 703 703 703 703 703]
Best Params: {'C': 100, 'kernel': 'rbf', 'gamma': 0.01}
Validation Accuracy: 0.5455
Test Accuracy: 0.5789
Report:
                precision    recall  f1-score   support

          AGN     0.5526    0.7447    0.6344       141
       Blazar     0.3853    0.5526    0.4541        76
           CV     0.7586    0.5969    0.6681       258
        Flare     0.3023    0.6290    0.4084        62
          HPM     0.7421    0.8939    0.8110       132
Non-Transient     0.6676    0.6657    0.6667       347
        Other     0.3765    0.2991    0.3333       214
           SN     0.5904    0.4611    0.5178       347

  avg / total     0.5940    0.5789    0.5777      1577
Confusion Matrix:
 [[105   5   1   8   0   8  11   3]
 [ 12  42   6   1   1   0   8   6]
 [  6  23 154   5   1   7  16  46]
 [  2   0   1  39   0  16   0   4]
 [  1   0   0   1 118  12   0   0]
 [ 15   1   3  29  30 231  22  16]
 [ 38  21   7  13   5  30  64  36]
 [ 11  17  31  33   4  42  49 160]]
Normalized Confusion Matrix:
 [[ 74.47   3.55   0.71   5.67   0.     5.67   7.8    2.13]
 [ 15.79  55.26   7.89   1.32   1.32   0.    10.53   7.89]
 [  2.33   8.91  59.69   1.94   0.39   2.71   6.2   17.83]
 [  3.23   0.     1.61  62.9    0.    25.81   0.     6.45]
 [  0.76   0.     0.     0.76  89.39   9.09   0.     0.  ]
 [  4.32   0.29   0.86   8.36   8.65  66.57   6.34   4.61]
 [ 17.76   9.81   3.27   6.07   2.34  14.02  29.91  16.82]
 [  3.17   4.9    8.93   9.51   1.15  12.1   14.12  46.11]]