Train Shapes (X, y):  (4928, 31), (4928,)
Test Shapes (X, y):  (1230, 31), (1230,)
Unique classes: ['AGN' 'Blazar' 'CV' 'Flare' 'HPM' 'Other' 'SN']
Unique count: [704 704 704 704 704 704 704]
Best Params: {'hidden_layer_sizes': (100, 100), 'activation': 'relu', 'alpha': 0.001, 'learning_rate': 'constant'}
Validation Accuracy: 0.5548
Test Accuracy: 0.5935
Report:
              precision    recall  f1-score   support

        AGN     0.5798    0.7730    0.6626       141
     Blazar     0.3359    0.5714    0.4231        77
         CV     0.7395    0.6163    0.6723       258
      Flare     0.4536    0.7097    0.5535        62
        HPM     0.8767    0.9697    0.9209       132
      Other     0.4335    0.3505    0.3876       214
         SN     0.6107    0.4942    0.5463       346

avg / total     0.6068    0.5935    0.5913      1230
Confusion Matrix:
 [[109   7   0   7   1  15   2]
 [ 13  44   8   1   0   6   5]
 [  7  27 159   6   3  11  45]
 [  5   0   1  44   1   5   6]
 [  1   0   0   1 128   0   2]
 [ 37  22  11  17   3  75  49]
 [ 16  31  36  21  10  61 171]]
Normalized Confusion Matrix:
 [[ 77.3    4.96   0.     4.96   0.71  10.64   1.42]
 [ 16.88  57.14  10.39   1.3    0.     7.79   6.49]
 [  2.71  10.47  61.63   2.33   1.16   4.26  17.44]
 [  8.06   0.     1.61  70.97   1.61   8.06   9.68]
 [  0.76   0.     0.     0.76  96.97   0.     1.52]
 [ 17.29  10.28   5.14   7.94   1.4   35.05  22.9 ]
 [  4.62   8.96  10.4    6.07   2.89  17.63  49.42]]