Train Shapes (X, y):  (4928, 21), (4928,)
Test Shapes (X, y):  (1230, 21), (1230,)
Unique classes: ['AGN' 'Blazar' 'CV' 'Flare' 'HPM' 'Other' 'SN']
Unique count: [704 704 704 704 704 704 704]
Best Params: {'C': 100, 'kernel': 'rbf', 'gamma': 0.01}
Validation Accuracy: 0.5706
Test Accuracy: 0.6033
Report:
              precision    recall  f1-score   support

        AGN     0.5602    0.7589    0.6446       141
     Blazar     0.3894    0.5714    0.4632        77
         CV     0.7804    0.6473    0.7076       258
      Flare     0.4182    0.7419    0.5349        62
        HPM     0.9143    0.9697    0.9412       132
      Other     0.4000    0.2710    0.3231       214
         SN     0.6057    0.5549    0.5792       346

avg / total     0.6115    0.6033    0.5984      1230
Confusion Matrix:
 [[107   4   1  10   0  15   4]
 [ 16  44   6   1   0   5   5]
 [  7  19 167   7   1  16  41]
 [  3   0   0  46   1   2  10]
 [  1   0   0   1 128   0   2]
 [ 38  23   7  23   2  58  63]
 [ 19  23  33  22   8  49 192]]
Normalized Confusion Matrix:
 [[ 75.89   2.84   0.71   7.09   0.    10.64   2.84]
 [ 20.78  57.14   7.79   1.3    0.     6.49   6.49]
 [  2.71   7.36  64.73   2.71   0.39   6.2   15.89]
 [  4.84   0.     0.    74.19   1.61   3.23  16.13]
 [  0.76   0.     0.     0.76  96.97   0.     1.52]
 [ 17.76  10.75   3.27  10.75   0.93  27.1   29.44]
 [  5.49   6.65   9.54   6.36   2.31  14.16  55.49]]