Train Shapes (X, y):  (6944, 31), (6944,)
Test Shapes (X, y):  (1875, 31), (1875,)
Unique classes: ['AGN' 'Blazar' 'CV' 'Flare' 'HPM' 'Non-Transient' 'Other' 'SN']
Unique count: [868 868 868 868 868 868 868 868]
Best Params: {'C': 100, 'kernel': 'rbf', 'gamma': 0.01}
Validation Accuracy: 0.5383
Test Accuracy: 0.5611
Report:
                precision    recall  f1-score   support

          AGN     0.5206    0.7163    0.6030       141
       Blazar     0.3359    0.5513    0.4175        78
           CV     0.6842    0.5930    0.6353       285
        Flare     0.2569    0.5441    0.3491        68
          HPM     0.6739    0.9118    0.7750       136
Non-Transient     0.6730    0.6589    0.6659       428
        Other     0.4921    0.3013    0.3738       312
           SN     0.5489    0.4731    0.5082       427

  avg / total     0.5759    0.5611    0.5581      1875
Confusion Matrix:
 [[101   8   1   7   0  15   6   3]
 [ 12  43   5   1   1   2   7   7]
 [  6  25 169  11   0   6  18  50]
 [  1   1   4  37   1  15   1   8]
 [  0   0   1   0 124   9   1   1]
 [ 12   3   7  44  44 282  16  20]
 [ 43  25  19  12   4  38  94  77]
 [ 19  23  41  32  10  52  48 202]]
Normalized Confusion Matrix:
 [[ 71.63   5.67   0.71   4.96   0.    10.64   4.26   2.13]
 [ 15.38  55.13   6.41   1.28   1.28   2.56   8.97   8.97]
 [  2.11   8.77  59.3    3.86   0.     2.11   6.32  17.54]
 [  1.47   1.47   5.88  54.41   1.47  22.06   1.47  11.76]
 [  0.     0.     0.74   0.    91.18   6.62   0.74   0.74]
 [  2.8    0.7    1.64  10.28  10.28  65.89   3.74   4.67]
 [ 13.78   8.01   6.09   3.85   1.28  12.18  30.13  24.68]
 [  4.45   5.39   9.6    7.49   2.34  12.18  11.24  47.31]]