Train Shapes (X, y):  (4928, 21), (4928,)
Test Shapes (X, y):  (1362, 21), (1362,)
Unique classes: ['AGN' 'Blazar' 'CV' 'Flare' 'HPM' 'Non-Transient' 'SN']
Unique count: [704 704 704 704 704 704 704]
Best Params: {'max_features': 'auto', 'n_estimators': 200}
Validation Accuracy: 0.6335
Test Accuracy: 0.6938
Report:
                precision    recall  f1-score   support

          AGN     0.6918    0.7163    0.7038       141
       Blazar     0.4643    0.5065    0.4845        77
           CV     0.7758    0.6705    0.7193       258
        Flare     0.3587    0.5323    0.4286        62
          HPM     0.7792    0.9091    0.8392       132
Non-Transient     0.7457    0.7457    0.7457       346
           SN     0.6972    0.6387    0.6667       346

  avg / total     0.7032    0.6938    0.6961      1362
Confusion Matrix:
 [[101  13   2   8   0  11   6]
 [ 14  39  12   1   0   1  10]
 [  4  18 173   5   2   4  52]
 [  1   0   2  33   1  20   5]
 [  1   0   0   0 120  11   0]
 [ 13   2   2  23  25 258  23]
 [ 12  12  32  22   6  41 221]]
Normalized Confusion Matrix:
 [[ 71.63   9.22   1.42   5.67   0.     7.8    4.26]
 [ 18.18  50.65  15.58   1.3    0.     1.3   12.99]
 [  1.55   6.98  67.05   1.94   0.78   1.55  20.16]
 [  1.61   0.     3.23  53.23   1.61  32.26   8.06]
 [  0.76   0.     0.     0.    90.91   8.33   0.  ]
 [  3.76   0.58   0.58   6.65   7.23  74.57   6.65]
 [  3.47   3.47   9.25   6.36   1.73  11.85  63.87]]