Train Shapes (X, y):  (4928, 27), (4928,)
Test Shapes (X, y):  (1230, 27), (1230,)
Unique classes: ['AGN' 'Blazar' 'CV' 'Flare' 'HPM' 'Other' 'SN']
Unique count: [704 704 704 704 704 704 704]
Best Params: {'C': 100, 'kernel': 'rbf', 'gamma': 0.01}
Validation Accuracy: 0.5678
Test Accuracy: 0.5943
Report:
              precision    recall  f1-score   support

        AGN     0.5775    0.7660    0.6585       141
     Blazar     0.3613    0.5584    0.4388        77
         CV     0.7368    0.6512    0.6914       258
      Flare     0.3966    0.7419    0.5169        62
        HPM     0.9007    0.9621    0.9304       132
      Other     0.4129    0.2991    0.3469       214
         SN     0.6162    0.5058    0.5556       346

avg / total     0.6052    0.5943    0.5905      1230
Confusion Matrix:
 [[108   7   0   9   0  14   3]
 [ 14  43   5   1   0   7   7]
 [  6  24 168   8   1  17  34]
 [  2   0   0  46   1   4   9]
 [  1   0   1   1 127   0   2]
 [ 36  23   8  26   3  64  54]
 [ 20  22  46  25   9  49 175]]
Normalized Confusion Matrix:
 [[ 76.6    4.96   0.     6.38   0.     9.93   2.13]
 [ 18.18  55.84   6.49   1.3    0.     9.09   9.09]
 [  2.33   9.3   65.12   3.1    0.39   6.59  13.18]
 [  3.23   0.     0.    74.19   1.61   6.45  14.52]
 [  0.76   0.     0.76   0.76  96.21   0.     1.52]
 [ 16.82  10.75   3.74  12.15   1.4   29.91  25.23]
 [  5.78   6.36  13.29   7.23   2.6   14.16  50.58]]