Train Shapes (X, y):  (6944, 21), (6944,)
Test Shapes (X, y):  (1875, 21), (1875,)
Unique classes: ['AGN' 'Blazar' 'CV' 'Flare' 'HPM' 'Non-Transient' 'Other' 'SN']
Unique count: [868 868 868 868 868 868 868 868]
Best Params: {'C': 100, 'kernel': 'rbf', 'gamma': 0.01}
Validation Accuracy: 0.5393
Test Accuracy: 0.5568
Report:
                precision    recall  f1-score   support

          AGN     0.5131    0.6950    0.5904       141
       Blazar     0.3554    0.5513    0.4322        78
           CV     0.7082    0.5789    0.6371       285
        Flare     0.2676    0.5588    0.3619        68
          HPM     0.6720    0.9191    0.7764       136
Non-Transient     0.6789    0.6472    0.6627       428
        Other     0.4515    0.2981    0.3591       312
           SN     0.5284    0.4801    0.5031       427

  avg / total     0.5699    0.5568    0.5542      1875
Confusion Matrix:
 [[ 98   8   2   7   0  15   8   3]
 [ 12  43   5   1   1   2   7   7]
 [  6  22 165   9   1   5  19  58]
 [  1   0   2  38   1  15   1  10]
 [  0   0   2   0 125   9   0   0]
 [ 12   2   8  42  45 277  24  18]
 [ 43  24  12  14   2  37  93  87]
 [ 19  22  37  31  11  48  54 205]]
Normalized Confusion Matrix:
 [[ 69.5    5.67   1.42   4.96   0.    10.64   5.67   2.13]
 [ 15.38  55.13   6.41   1.28   1.28   2.56   8.97   8.97]
 [  2.11   7.72  57.89   3.16   0.35   1.75   6.67  20.35]
 [  1.47   0.     2.94  55.88   1.47  22.06   1.47  14.71]
 [  0.     0.     1.47   0.    91.91   6.62   0.     0.  ]
 [  2.8    0.47   1.87   9.81  10.51  64.72   5.61   4.21]
 [ 13.78   7.69   3.85   4.49   0.64  11.86  29.81  27.88]
 [  4.45   5.15   8.67   7.26   2.58  11.24  12.65  48.01]]