Train Shapes (X, y):  (5624, 27), (5624,)
Test Shapes (X, y):  (1577, 27), (1577,)
Unique classes: ['AGN' 'Blazar' 'CV' 'Flare' 'HPM' 'Non-Transient' 'Other' 'SN']
Unique count: [703 703 703 703 703 703 703 703]
Best Params: {'hidden_layer_sizes': (100, 100), 'activation': 'relu', 'alpha': 0.1, 'learning_rate': 'constant'}
Validation Accuracy: 0.4986
Test Accuracy: 0.5498
Report:
                precision    recall  f1-score   support

          AGN     0.5215    0.6879    0.5933       141
       Blazar     0.3818    0.5526    0.4516        76
           CV     0.7638    0.5891    0.6652       258
        Flare     0.2100    0.6774    0.3206        62
          HPM     0.7664    0.7955    0.7807       132
Non-Transient     0.5846    0.6571    0.6187       347
        Other     0.4651    0.1869    0.2667       214
           SN     0.5985    0.4640    0.5227       347

  avg / total     0.5858    0.5498    0.5489      1577
Confusion Matrix:
 [[ 97   6   0  16   0  19   1   2]
 [ 14  42   9   1   0   0   5   5]
 [ 10  26 152  11   3   6   9  41]
 [  1   0   1  42   0  16   0   2]
 [  1   0   0   0 105  26   0   0]
 [  9   1   2  58  22 228   7  20]
 [ 40  18   7  21   3  47  40  38]
 [ 14  17  28  51   4  48  24 161]]
Normalized Confusion Matrix:
 [[ 68.79   4.26   0.    11.35   0.    13.48   0.71   1.42]
 [ 18.42  55.26  11.84   1.32   0.     0.     6.58   6.58]
 [  3.88  10.08  58.91   4.26   1.16   2.33   3.49  15.89]
 [  1.61   0.     1.61  67.74   0.    25.81   0.     3.23]
 [  0.76   0.     0.     0.    79.55  19.7    0.     0.  ]
 [  2.59   0.29   0.58  16.71   6.34  65.71   2.02   5.76]
 [ 18.69   8.41   3.27   9.81   1.4   21.96  18.69  17.76]
 [  4.03   4.9    8.07  14.7    1.15  13.83   6.92  46.4 ]]