Train Shapes (X, y):  (6076, 21), (6076,)
Test Shapes (X, y):  (1447, 21), (1447,)
Unique classes: ['AGN' 'Blazar' 'CV' 'Flare' 'HPM' 'Other' 'SN']
Unique count: [868 868 868 868 868 868 868]
Best Params: {'max_features': 'auto', 'n_estimators': 700}
Validation Accuracy: 0.5736
Test Accuracy: 0.6185
Report:
              precision    recall  f1-score   support

        AGN     0.5858    0.7021    0.6387       141
     Blazar     0.4831    0.5513    0.5150        78
         CV     0.7213    0.6175    0.6654       285
      Flare     0.4327    0.6618    0.5233        68
        HPM     0.9097    0.9632    0.9357       136
      Other     0.5444    0.4519    0.4939       312
         SN     0.5936    0.6089    0.6012       427

avg / total     0.6236    0.6185    0.6175      1447
Confusion Matrix:
 [[ 99   8   2   7   0  20   5]
 [  9  43   7   1   0  10   8]
 [  3  12 176   9   0  18  67]
 [  2   0   5  45   3   5   8]
 [  0   0   0   2 131   0   3]
 [ 40  13  17  11   3 141  87]
 [ 16  13  37  29   7  65 260]]
Normalized Confusion Matrix:
 [[ 70.21   5.67   1.42   4.96   0.    14.18   3.55]
 [ 11.54  55.13   8.97   1.28   0.    12.82  10.26]
 [  1.05   4.21  61.75   3.16   0.     6.32  23.51]
 [  2.94   0.     7.35  66.18   4.41   7.35  11.76]
 [  0.     0.     0.     1.47  96.32   0.     2.21]
 [ 12.82   4.17   5.45   3.53   0.96  45.19  27.88]
 [  3.75   3.04   8.67   6.79   1.64  15.22  60.89]]