Train Shapes (X, y):  (4928, 27), (4928,)
Test Shapes (X, y):  (1362, 27), (1362,)
Unique classes: ['AGN' 'Blazar' 'CV' 'Flare' 'HPM' 'Non-Transient' 'SN']
Unique count: [704 704 704 704 704 704 704]
Best Params: {'C': 1000, 'kernel': 'rbf', 'gamma': 0.1}
Validation Accuracy: 0.6187
Test Accuracy: 0.6549
Report:
                precision    recall  f1-score   support

          AGN     0.6301    0.7730    0.6943       141
       Blazar     0.3966    0.5974    0.4767        77
           CV     0.8115    0.6008    0.6904       258
        Flare     0.3417    0.6613    0.4505        62
          HPM     0.7256    0.9015    0.8041       132
Non-Transient     0.7444    0.6734    0.7071       346
           SN     0.6632    0.5462    0.5990       346

  avg / total     0.6848    0.6549    0.6599      1362
Confusion Matrix:
 [[109   7   0   8   0  12   5]
 [ 13  46   6   1   1   0  10]
 [  7  32 155   5   3   4  52]
 [  3   0   1  41   0  13   4]
 [  1   0   0   1 119  11   0]
 [ 19   2   1  34  32 233  25]
 [ 21  29  28  30   9  40 189]]
Normalized Confusion Matrix:
 [[ 77.3    4.96   0.     5.67   0.     8.51   3.55]
 [ 16.88  59.74   7.79   1.3    1.3    0.    12.99]
 [  2.71  12.4   60.08   1.94   1.16   1.55  20.16]
 [  4.84   0.     1.61  66.13   0.    20.97   6.45]
 [  0.76   0.     0.     0.76  90.15   8.33   0.  ]
 [  5.49   0.58   0.29   9.83   9.25  67.34   7.23]
 [  6.07   8.38   8.09   8.67   2.6   11.56  54.62]]