Train Shapes (X, y):  (6944, 27), (6944,)
Test Shapes (X, y):  (1875, 27), (1875,)
Unique classes: ['AGN' 'Blazar' 'CV' 'Flare' 'HPM' 'Non-Transient' 'Other' 'SN']
Unique count: [868 868 868 868 868 868 868 868]
Best Params: {'hidden_layer_sizes': 100, 'activation': 'relu', 'alpha': 0.0001, 'learning_rate': 'constant'}
Validation Accuracy: 0.5374
Test Accuracy: 0.5579
Report:
                precision    recall  f1-score   support

          AGN     0.5345    0.6596    0.5905       141
       Blazar     0.3165    0.5641    0.4055        78
           CV     0.7468    0.6211    0.6782       285
        Flare     0.2365    0.5147    0.3241        68
          HPM     0.7262    0.8971    0.8026       136
Non-Transient     0.6538    0.6355    0.6445       428
        Other     0.4804    0.3141    0.3798       312
           SN     0.5270    0.4801    0.5025       427

  avg / total     0.5773    0.5579    0.5591      1875
Confusion Matrix:
 [[ 93   9   1   9   0  16  11   2]
 [ 13  44   5   1   0   2   5   8]
 [  2  19 177  10   0   9  14  54]
 [  1   1   4  35   2  15   1   9]
 [  0   0   0   0 122  11   0   3]
 [ 15   3   4  47  34 272  30  23]
 [ 36  30   9  16   2  36  98  85]
 [ 14  33  37  30   8  55  45 205]]
Normalized Confusion Matrix:
 [[ 65.96   6.38   0.71   6.38   0.    11.35   7.8    1.42]
 [ 16.67  56.41   6.41   1.28   0.     2.56   6.41  10.26]
 [  0.7    6.67  62.11   3.51   0.     3.16   4.91  18.95]
 [  1.47   1.47   5.88  51.47   2.94  22.06   1.47  13.24]
 [  0.     0.     0.     0.    89.71   8.09   0.     2.21]
 [  3.5    0.7    0.93  10.98   7.94  63.55   7.01   5.37]
 [ 11.54   9.62   2.88   5.13   0.64  11.54  31.41  27.24]
 [  3.28   7.73   8.67   7.03   1.87  12.88  10.54  48.01]]