Train Shapes (X, y):  (5624, 31), (5624,)
Test Shapes (X, y):  (1577, 31), (1577,)
Unique classes: ['AGN' 'Blazar' 'CV' 'Flare' 'HPM' 'Non-Transient' 'Other' 'SN']
Unique count: [703 703 703 703 703 703 703 703]
Best Params: {'hidden_layer_sizes': 100, 'activation': 'relu', 'alpha': 0.001, 'learning_rate': 'constant'}
Validation Accuracy: 0.4842
Test Accuracy: 0.5301
Report:
                precision    recall  f1-score   support

          AGN     0.5027    0.6667    0.5732       141
       Blazar     0.3561    0.6184    0.4519        76
           CV     0.7573    0.6047    0.6724       258
        Flare     0.2093    0.5806    0.3077        62
          HPM     0.6070    0.9242    0.7327       132
Non-Transient     0.6241    0.5072    0.5596       347
        Other     0.4362    0.1916    0.2662       214
           SN     0.5413    0.4726    0.5046       347

  avg / total     0.5606    0.5301    0.5268      1577
Confusion Matrix:
 [[ 94  10   0  12   1  17   4   3]
 [ 10  47   6   1   1   0   5   6]
 [  6  27 156   9   7   4   8  41]
 [  4   0   2  36   1  16   0   3]
 [  0   0   0   1 122   7   0   2]
 [ 18   1   2  49  56 176   7  38]
 [ 42  25   7  22   4  27  41  46]
 [ 13  22  33  42   9  35  29 164]]
Normalized Confusion Matrix:
 [[ 66.67   7.09   0.     8.51   0.71  12.06   2.84   2.13]
 [ 13.16  61.84   7.89   1.32   1.32   0.     6.58   7.89]
 [  2.33  10.47  60.47   3.49   2.71   1.55   3.1   15.89]
 [  6.45   0.     3.23  58.06   1.61  25.81   0.     4.84]
 [  0.     0.     0.     0.76  92.42   5.3    0.     1.52]
 [  5.19   0.29   0.58  14.12  16.14  50.72   2.02  10.95]
 [ 19.63  11.68   3.27  10.28   1.87  12.62  19.16  21.5 ]
 [  3.75   6.34   9.51  12.1    2.59  10.09   8.36  47.26]]