Train Shapes (X, y):  (5624, 31), (5624,)
Test Shapes (X, y):  (1577, 31), (1577,)
Unique classes: ['AGN' 'Blazar' 'CV' 'Flare' 'HPM' 'Non-Transient' 'Other' 'SN']
Unique count: [703 703 703 703 703 703 703 703]
Best Params: {'hidden_layer_sizes': 100, 'activation': 'relu', 'alpha': 0.1, 'learning_rate': 'constant'}
Validation Accuracy: 0.5491
Test Accuracy: 0.5948
Report:
                precision    recall  f1-score   support

          AGN     0.6095    0.7305    0.6645       141
       Blazar     0.4434    0.6184    0.5165        76
           CV     0.7748    0.6667    0.7167       258
        Flare     0.3109    0.5968    0.4088        62
          HPM     0.6914    0.9167    0.7883       132
Non-Transient     0.6588    0.6398    0.6491       347
        Other     0.3866    0.3505    0.3676       214
           SN     0.6314    0.4640    0.5349       347

  avg / total     0.6091    0.5948    0.5940      1577
Confusion Matrix:
 [[103   7   0   7   0   9  13   2]
 [ 10  47   4   1   0   0   7   7]
 [  5  19 172   6   2   3  12  39]
 [  1   0   1  37   1  17   0   5]
 [  1   0   0   1 121   9   0   0]
 [  7   2   2  29  38 222  37  10]
 [ 32  19   8  11   7  31  75  31]
 [ 10  12  35  27   6  46  50 161]]
Normalized Confusion Matrix:
 [[ 73.05   4.96   0.     4.96   0.     6.38   9.22   1.42]
 [ 13.16  61.84   5.26   1.32   0.     0.     9.21   9.21]
 [  1.94   7.36  66.67   2.33   0.78   1.16   4.65  15.12]
 [  1.61   0.     1.61  59.68   1.61  27.42   0.     8.06]
 [  0.76   0.     0.     0.76  91.67   6.82   0.     0.  ]
 [  2.02   0.58   0.58   8.36  10.95  63.98  10.66   2.88]
 [ 14.95   8.88   3.74   5.14   3.27  14.49  35.05  14.49]
 [  2.88   3.46  10.09   7.78   1.73  13.26  14.41  46.4 ]]