Train Shapes (X, y):  (5624, 21), (5624,)
Test Shapes (X, y):  (1577, 21), (1577,)
Unique classes: ['AGN' 'Blazar' 'CV' 'Flare' 'HPM' 'Non-Transient' 'Other' 'SN']
Unique count: [703 703 703 703 703 703 703 703]
Best Params: {'hidden_layer_sizes': 100, 'activation': 'relu', 'alpha': 0.1, 'learning_rate': 'constant'}
Validation Accuracy: 0.5453
Test Accuracy: 0.5954
Report:
                precision    recall  f1-score   support

          AGN     0.5964    0.7021    0.6450       141
       Blazar     0.4231    0.5789    0.4889        76
           CV     0.7570    0.6279    0.6864       258
        Flare     0.3047    0.6290    0.4105        62
          HPM     0.7273    0.9091    0.8081       132
Non-Transient     0.6705    0.6744    0.6724       347
        Other     0.4375    0.2944    0.3520       214
           SN     0.5798    0.5130    0.5443       347

  avg / total     0.6049    0.5954    0.5928      1577
Confusion Matrix:
 [[ 99   8   0   9   0  10  11   4]
 [ 10  44   7   1   0   0   6   8]
 [  3  20 162   5   1   5   8  54]
 [  1   0   1  39   1  15   0   5]
 [  1   0   0   0 120  11   0   0]
 [  9   1   2  30  33 234  21  17]
 [ 30  19  11  13   5  32  63  41]
 [ 13  12  31  31   5  42  35 178]]
Normalized Confusion Matrix:
 [[ 70.21   5.67   0.     6.38   0.     7.09   7.8    2.84]
 [ 13.16  57.89   9.21   1.32   0.     0.     7.89  10.53]
 [  1.16   7.75  62.79   1.94   0.39   1.94   3.1   20.93]
 [  1.61   0.     1.61  62.9    1.61  24.19   0.     8.06]
 [  0.76   0.     0.     0.    90.91   8.33   0.     0.  ]
 [  2.59   0.29   0.58   8.65   9.51  67.44   6.05   4.9 ]
 [ 14.02   8.88   5.14   6.07   2.34  14.95  29.44  19.16]
 [  3.75   3.46   8.93   8.93   1.44  12.1   10.09  51.3 ]]