Train Shapes (X, y):  (4928, 21), (4928,)
Test Shapes (X, y):  (1362, 21), (1362,)
Unique classes: ['AGN' 'Blazar' 'CV' 'Flare' 'HPM' 'Non-Transient' 'SN']
Unique count: [704 704 704 704 704 704 704]
Best Params: {'C': 1000, 'kernel': 'rbf', 'gamma': 0.1}
Validation Accuracy: 0.6195
Test Accuracy: 0.6557
Report:
                precision    recall  f1-score   support

          AGN     0.6279    0.7660    0.6901       141
       Blazar     0.3964    0.5714    0.4681        77
           CV     0.7940    0.6124    0.6915       258
        Flare     0.3475    0.6613    0.4556        62
          HPM     0.7301    0.9015    0.8068       132
Non-Transient     0.7397    0.6734    0.7050       346
           SN     0.6690    0.5491    0.6032       346

  avg / total     0.6822    0.6557    0.6601      1362
Confusion Matrix:
 [[108   7   0   8   0  13   5]
 [ 13  44   8   1   1   0  10]
 [  7  31 158   5   3   4  50]
 [  3   0   1  41   0  13   4]
 [  1   0   0   1 119  11   0]
 [ 19   2   2  33  32 233  25]
 [ 21  27  30  29   8  41 190]]
Normalized Confusion Matrix:
 [[ 76.6    4.96   0.     5.67   0.     9.22   3.55]
 [ 16.88  57.14  10.39   1.3    1.3    0.    12.99]
 [  2.71  12.02  61.24   1.94   1.16   1.55  19.38]
 [  4.84   0.     1.61  66.13   0.    20.97   6.45]
 [  0.76   0.     0.     0.76  90.15   8.33   0.  ]
 [  5.49   0.58   0.58   9.54   9.25  67.34   7.23]
 [  6.07   7.8    8.67   8.38   2.31  11.85  54.91]]