Train Shapes (X, y):  (5624, 27), (5624,)
Test Shapes (X, y):  (1577, 27), (1577,)
Unique classes: ['AGN' 'Blazar' 'CV' 'Flare' 'HPM' 'Non-Transient' 'Other' 'SN']
Unique count: [703 703 703 703 703 703 703 703]
Best Params: {'hidden_layer_sizes': 100, 'activation': 'relu', 'alpha': 0.1, 'learning_rate': 'constant'}
Validation Accuracy: 0.5480
Test Accuracy: 0.6011
Report:
                precision    recall  f1-score   support

          AGN     0.5652    0.7376    0.6400       141
       Blazar     0.4271    0.5395    0.4767        76
           CV     0.7621    0.6705    0.7134       258
        Flare     0.3217    0.5968    0.4181        62
          HPM     0.7195    0.8939    0.7973       132
Non-Transient     0.6657    0.6542    0.6599       347
        Other     0.4254    0.3598    0.3899       214
           SN     0.6357    0.4928    0.5552       347

  avg / total     0.6128    0.6011    0.6004      1577
Confusion Matrix:
 [[104   8   0   7   0   7  12   3]
 [ 13  41   7   1   0   0   9   5]
 [  6  18 173   5   2   4  10  40]
 [  1   0   1  37   1  17   0   5]
 [  1   0   0   0 118  13   0   0]
 [ 11   2   2  31  31 227  31  12]
 [ 34  13  11  10   7  29  77  33]
 [ 14  14  33  24   5  44  42 171]]
Normalized Confusion Matrix:
 [[ 73.76   5.67   0.     4.96   0.     4.96   8.51   2.13]
 [ 17.11  53.95   9.21   1.32   0.     0.    11.84   6.58]
 [  2.33   6.98  67.05   1.94   0.78   1.55   3.88  15.5 ]
 [  1.61   0.     1.61  59.68   1.61  27.42   0.     8.06]
 [  0.76   0.     0.     0.    89.39   9.85   0.     0.  ]
 [  3.17   0.58   0.58   8.93   8.93  65.42   8.93   3.46]
 [ 15.89   6.07   5.14   4.67   3.27  13.55  35.98  15.42]
 [  4.03   4.03   9.51   6.92   1.44  12.68  12.1   49.28]]