Train Shapes (X, y):  (6076, 21), (6076,)
Test Shapes (X, y):  (1563, 21), (1563,)
Unique classes: ['AGN' 'Blazar' 'CV' 'Flare' 'HPM' 'Non-Transient' 'SN']
Unique count: [868 868 868 868 868 868 868]
Best Params: {'C': 100, 'kernel': 'rbf', 'gamma': 0.01}
Validation Accuracy: 0.6205
Test Accuracy: 0.6507
Report:
                precision    recall  f1-score   support

          AGN     0.6624    0.7376    0.6980       141
       Blazar     0.3814    0.5769    0.4592        78
           CV     0.7623    0.5965    0.6693       285
        Flare     0.2891    0.5441    0.3776        68
          HPM     0.6831    0.9191    0.7837       136
Non-Transient     0.7487    0.6682    0.7062       428
           SN     0.6720    0.5855    0.6258       427

  avg / total     0.6784    0.6507    0.6569      1563
Confusion Matrix:
 [[104   8   1   7   0  16   5]
 [ 14  45   5   1   0   2  11]
 [  5  30 170   8   2   7  63]
 [  1   0   3  37   1  14  12]
 [  0   0   2   0 125   9   0]
 [ 15   2   7  42  45 286  31]
 [ 18  33  35  33  10  48 250]]
Normalized Confusion Matrix:
 [[ 73.76   5.67   0.71   4.96   0.    11.35   3.55]
 [ 17.95  57.69   6.41   1.28   0.     2.56  14.1 ]
 [  1.75  10.53  59.65   2.81   0.7    2.46  22.11]
 [  1.47   0.     4.41  54.41   1.47  20.59  17.65]
 [  0.     0.     1.47   0.    91.91   6.62   0.  ]
 [  3.5    0.47   1.64   9.81  10.51  66.82   7.24]
 [  4.22   7.73   8.2    7.73   2.34  11.24  58.55]]