Train Shapes (X, y):  (4928, 21), (4928,)
Test Shapes (X, y):  (1230, 21), (1230,)
Unique classes: ['AGN' 'Blazar' 'CV' 'Flare' 'HPM' 'Other' 'SN']
Unique count: [704 704 704 704 704 704 704]
Best Params: {'hidden_layer_sizes': (100, 100), 'activation': 'relu', 'alpha': 0.001, 'learning_rate': 'constant'}
Validation Accuracy: 0.5757
Test Accuracy: 0.5789
Report:
              precision    recall  f1-score   support

        AGN     0.5758    0.6738    0.6209       141
     Blazar     0.3981    0.5584    0.4649        77
         CV     0.7078    0.6667    0.6866       258
      Flare     0.3397    0.8548    0.4862        62
        HPM     0.8523    0.9621    0.9039       132
      Other     0.3931    0.2664    0.3175       214
         SN     0.6250    0.4769    0.5410       346

avg / total     0.5922    0.5789    0.5732      1230
Confusion Matrix:
 [[ 95   8   0  22   1  13   2]
 [ 12  43   9   1   1   5   6]
 [  6  20 172   8   5  15  32]
 [  1   0   1  53   0   3   4]
 [  0   0   0   2 127   0   3]
 [ 38  18  12  33   4  57  52]
 [ 13  19  49  37  11  52 165]]
Normalized Confusion Matrix:
 [[ 67.38   5.67   0.    15.6    0.71   9.22   1.42]
 [ 15.58  55.84  11.69   1.3    1.3    6.49   7.79]
 [  2.33   7.75  66.67   3.1    1.94   5.81  12.4 ]
 [  1.61   0.     1.61  85.48   0.     4.84   6.45]
 [  0.     0.     0.     1.52  96.21   0.     2.27]
 [ 17.76   8.41   5.61  15.42   1.87  26.64  24.3 ]
 [  3.76   5.49  14.16  10.69   3.18  15.03  47.69]]