Train Shapes (X, y):  (6076, 21), (6076,)
Test Shapes (X, y):  (1447, 21), (1447,)
Unique classes: ['AGN' 'Blazar' 'CV' 'Flare' 'HPM' 'Other' 'SN']
Unique count: [868 868 868 868 868 868 868]
Best Params: {'max_features': 'auto', 'n_estimators': 700}
Validation Accuracy: 0.5746
Test Accuracy: 0.6095
Report:
              precision    recall  f1-score   support

        AGN     0.5976    0.6950    0.6426       141
     Blazar     0.4494    0.5128    0.4790        78
         CV     0.7224    0.6211    0.6679       285
      Flare     0.4231    0.6471    0.5116        68
        HPM     0.8973    0.9632    0.9291       136
      Other     0.5229    0.4391    0.4774       312
         SN     0.5835    0.5972    0.5903       427

avg / total     0.6139    0.6095    0.6085      1447
Confusion Matrix:
 [[ 98   9   2   7   0  20   5]
 [  9  40   8   2   0  10   9]
 [  3  14 177   8   0  19  64]
 [  2   0   4  44   3   6   9]
 [  0   0   0   3 131   0   2]
 [ 37  12  16  12   5 137  93]
 [ 15  14  38  28   7  70 255]]
Normalized Confusion Matrix:
 [[ 69.5    6.38   1.42   4.96   0.    14.18   3.55]
 [ 11.54  51.28  10.26   2.56   0.    12.82  11.54]
 [  1.05   4.91  62.11   2.81   0.     6.67  22.46]
 [  2.94   0.     5.88  64.71   4.41   8.82  13.24]
 [  0.     0.     0.     2.21  96.32   0.     1.47]
 [ 11.86   3.85   5.13   3.85   1.6   43.91  29.81]
 [  3.51   3.28   8.9    6.56   1.64  16.39  59.72]]