Train Shapes (X, y):  (6076, 31), (6076,)
Test Shapes (X, y):  (1447, 31), (1447,)
Unique classes: ['AGN' 'Blazar' 'CV' 'Flare' 'HPM' 'Other' 'SN']
Unique count: [868 868 868 868 868 868 868]
Best Params: {'hidden_layer_sizes': (100, 100), 'activation': 'relu', 'alpha': 0.001, 'learning_rate': 'constant'}
Validation Accuracy: 0.5486
Test Accuracy: 0.5708
Report:
              precision    recall  f1-score   support

        AGN     0.5622    0.7376    0.6380       141
     Blazar     0.3793    0.5641    0.4536        78
         CV     0.7737    0.5158    0.6189       285
      Flare     0.3675    0.6324    0.4649        68
        HPM     0.7870    0.9779    0.8721       136
      Other     0.5407    0.2340    0.3266       312
         SN     0.5271    0.6604    0.5863       427

avg / total     0.5910    0.5708    0.5558      1447
Confusion Matrix:
 [[104   7   0  11   4   6   9]
 [ 14  44   5   2   1   4   8]
 [  4  29 147  12   3  13  77]
 [  2   0   0  43   6   2  15]
 [  0   0   0   0 133   0   3]
 [ 42  17  12  20   7  73 141]
 [ 19  19  26  29  15  37 282]]
Normalized Confusion Matrix:
 [[ 73.76   4.96   0.     7.8    2.84   4.26   6.38]
 [ 17.95  56.41   6.41   2.56   1.28   5.13  10.26]
 [  1.4   10.18  51.58   4.21   1.05   4.56  27.02]
 [  2.94   0.     0.    63.24   8.82   2.94  22.06]
 [  0.     0.     0.     0.    97.79   0.     2.21]
 [ 13.46   5.45   3.85   6.41   2.24  23.4   45.19]
 [  4.45   4.45   6.09   6.79   3.51   8.67  66.04]]