Train Shapes (X, y):  (6076, 21), (6076,)
Test Shapes (X, y):  (1563, 21), (1563,)
Unique classes: ['AGN' 'Blazar' 'CV' 'Flare' 'HPM' 'Non-Transient' 'SN']
Unique count: [868 868 868 868 868 868 868]
Best Params: {'hidden_layer_sizes': (100, 100), 'activation': 'logistic', 'alpha': 0.001, 'learning_rate': 'constant'}
Validation Accuracy: 0.6118
Test Accuracy: 0.6353
Report:
                precision    recall  f1-score   support

          AGN     0.6303    0.7376    0.6797       141
       Blazar     0.4412    0.5769    0.5000        78
           CV     0.7532    0.6105    0.6744       285
        Flare     0.2583    0.5735    0.3562        68
          HPM     0.6828    0.9338    0.7888       136
Non-Transient     0.7609    0.5724    0.6533       428
           SN     0.6379    0.6066    0.6218       427

  avg / total     0.6695    0.6353    0.6422      1563
Confusion Matrix:
 [[104  10   1   8   0  12   6]
 [ 14  45   6   1   1   2   9]
 [  6  20 174  10   1   3  71]
 [  1   0   2  39   2  15   9]
 [  0   0   0   0 127   6   3]
 [ 23   1   3  57  50 245  49]
 [ 17  26  45  36   5  39 259]]
Normalized Confusion Matrix:
 [[ 73.76   7.09   0.71   5.67   0.     8.51   4.26]
 [ 17.95  57.69   7.69   1.28   1.28   2.56  11.54]
 [  2.11   7.02  61.05   3.51   0.35   1.05  24.91]
 [  1.47   0.     2.94  57.35   2.94  22.06  13.24]
 [  0.     0.     0.     0.    93.38   4.41   2.21]
 [  5.37   0.23   0.7   13.32  11.68  57.24  11.45]
 [  3.98   6.09  10.54   8.43   1.17   9.13  60.66]]