Train Shapes (X, y):  (6944, 31), (6944,)
Test Shapes (X, y):  (1875, 31), (1875,)
Unique classes: ['AGN' 'Blazar' 'CV' 'Flare' 'HPM' 'Non-Transient' 'Other' 'SN']
Unique count: [868 868 868 868 868 868 868 868]
Best Params: {'C': 1000, 'kernel': 'rbf', 'gamma': 0.1}
Validation Accuracy: 0.5337
Test Accuracy: 0.5424
Report:
                precision    recall  f1-score   support

          AGN     0.5000    0.7234    0.5913       141
       Blazar     0.3554    0.5513    0.4322        78
           CV     0.7045    0.5439    0.6139       285
        Flare     0.2393    0.5735    0.3377        68
          HPM     0.6632    0.9412    0.7781       136
Non-Transient     0.6733    0.6308    0.6514       428
        Other     0.4270    0.2532    0.3179       312
           SN     0.5180    0.4707    0.4933       427

  avg / total     0.5590    0.5424    0.5384      1875
Confusion Matrix:
 [[102   8   1   8   0  12   7   3]
 [ 12  43   5   1   1   2   5   9]
 [  7  22 155  12   1   4  18  66]
 [  1   0   3  39   1  14   4   6]
 [  0   0   0   0 128   7   0   1]
 [ 18   1   4  47  47 270  22  19]
 [ 43  22  15  22   2  46  79  83]
 [ 21  25  37  34  13  46  50 201]]
Normalized Confusion Matrix:
 [[ 72.34   5.67   0.71   5.67   0.     8.51   4.96   2.13]
 [ 15.38  55.13   6.41   1.28   1.28   2.56   6.41  11.54]
 [  2.46   7.72  54.39   4.21   0.35   1.4    6.32  23.16]
 [  1.47   0.     4.41  57.35   1.47  20.59   5.88   8.82]
 [  0.     0.     0.     0.    94.12   5.15   0.     0.74]
 [  4.21   0.23   0.93  10.98  10.98  63.08   5.14   4.44]
 [ 13.78   7.05   4.81   7.05   0.64  14.74  25.32  26.6 ]
 [  4.92   5.85   8.67   7.96   3.04  10.77  11.71  47.07]]