Train Shapes (X, y):  (6944, 27), (6944,)
Test Shapes (X, y):  (1875, 27), (1875,)
Unique classes: ['AGN' 'Blazar' 'CV' 'Flare' 'HPM' 'Non-Transient' 'Other' 'SN']
Unique count: [868 868 868 868 868 868 868 868]
Best Params: {'hidden_layer_sizes': (100, 100), 'activation': 'relu', 'alpha': 0.001, 'learning_rate': 'constant'}
Validation Accuracy: 0.5056
Test Accuracy: 0.4624
Report:
                precision    recall  f1-score   support

          AGN     0.3906    0.7092    0.5038       141
       Blazar     0.2513    0.6282    0.3590        78
           CV     0.6818    0.5789    0.6262       285
        Flare     0.2169    0.6029    0.3191        68
          HPM     0.5733    0.9485    0.7147       136
Non-Transient     0.8154    0.2477    0.3799       428
        Other     0.4167    0.2404    0.3049       312
           SN     0.4410    0.4731    0.4565       427

  avg / total     0.5488    0.4624    0.4528      1875
Confusion Matrix:
 [[100  24   0   7   0   3   5   2]
 [ 10  49   7   2   0   0   4   6]
 [  5  32 165  10   1   3  13  56]
 [  4   0   5  41   3   3   2  10]
 [  0   0   0   0 129   4   0   3]
 [ 53   3   7  72  76 106  45  66]
 [ 53  35   9  20   3   4  75 113]
 [ 31  52  49  37  13   7  36 202]]
Normalized Confusion Matrix:
 [[ 70.92  17.02   0.     4.96   0.     2.13   3.55   1.42]
 [ 12.82  62.82   8.97   2.56   0.     0.     5.13   7.69]
 [  1.75  11.23  57.89   3.51   0.35   1.05   4.56  19.65]
 [  5.88   0.     7.35  60.29   4.41   4.41   2.94  14.71]
 [  0.     0.     0.     0.    94.85   2.94   0.     2.21]
 [ 12.38   0.7    1.64  16.82  17.76  24.77  10.51  15.42]
 [ 16.99  11.22   2.88   6.41   0.96   1.28  24.04  36.22]
 [  7.26  12.18  11.48   8.67   3.04   1.64   8.43  47.31]]