Train Shapes (X, y):  (6944, 31), (6944,)
Test Shapes (X, y):  (1875, 31), (1875,)
Unique classes: ['AGN' 'Blazar' 'CV' 'Flare' 'HPM' 'Non-Transient' 'Other' 'SN']
Unique count: [868 868 868 868 868 868 868 868]
Best Params: {'hidden_layer_sizes': (100, 100), 'activation': 'relu', 'alpha': 0.1, 'learning_rate': 'constant'}
Validation Accuracy: 0.5425
Test Accuracy: 0.5413
Report:
                precision    recall  f1-score   support

          AGN     0.5495    0.7092    0.6192       141
       Blazar     0.3796    0.5256    0.4409        78
           CV     0.6935    0.6035    0.6454       285
        Flare     0.2345    0.5000    0.3192        68
          HPM     0.6923    0.9265    0.7925       136
Non-Transient     0.6875    0.5397    0.6047       428
        Other     0.3994    0.4135    0.4063       312
           SN     0.5185    0.4262    0.4679       427

  avg / total     0.5627    0.5413    0.5443      1875
Confusion Matrix:
 [[100   8   1   8   0  13   9   2]
 [ 12  41   9   1   0   1   9   5]
 [  3  16 172   9   0   3  32  50]
 [  1   1   2  34   2  15   3  10]
 [  0   0   1   0 126   7   0   2]
 [ 11   3   6  53  42 231  50  32]
 [ 41  20  15  13   2  24 129  68]
 [ 14  19  42  27  10  42  91 182]]
Normalized Confusion Matrix:
 [[ 70.92   5.67   0.71   5.67   0.     9.22   6.38   1.42]
 [ 15.38  52.56  11.54   1.28   0.     1.28  11.54   6.41]
 [  1.05   5.61  60.35   3.16   0.     1.05  11.23  17.54]
 [  1.47   1.47   2.94  50.     2.94  22.06   4.41  14.71]
 [  0.     0.     0.74   0.    92.65   5.15   0.     1.47]
 [  2.57   0.7    1.4   12.38   9.81  53.97  11.68   7.48]
 [ 13.14   6.41   4.81   4.17   0.64   7.69  41.35  21.79]
 [  3.28   4.45   9.84   6.32   2.34   9.84  21.31  42.62]]