Train Shapes (X, y):  (6076, 31), (6076,)
Test Shapes (X, y):  (1447, 31), (1447,)
Unique classes: ['AGN' 'Blazar' 'CV' 'Flare' 'HPM' 'Other' 'SN']
Unique count: [868 868 868 868 868 868 868]
Best Params: {'C': 1000, 'kernel': 'rbf', 'gamma': 0.1}
Validation Accuracy: 0.5612
Test Accuracy: 0.5584
Report:
              precision    recall  f1-score   support

        AGN     0.5143    0.7660    0.6154       141
     Blazar     0.3500    0.5385    0.4242        78
         CV     0.7437    0.5193    0.6116       285
      Flare     0.3559    0.6176    0.4516        68
        HPM     0.8618    0.9632    0.9097       136
      Other     0.4706    0.3077    0.3721       312
         SN     0.5428    0.5644    0.5534       427

avg / total     0.5748    0.5584    0.5535      1447
Confusion Matrix:
 [[108   7   0   8   0  15   3]
 [ 13  42   4   2   1   7   9]
 [  9  24 148  13   1  18  72]
 [  3   0   3  42   5   6   9]
 [  0   0   0   1 131   0   4]
 [ 51  21  13  22   3  96 106]
 [ 26  26  31  30  11  62 241]]
Normalized Confusion Matrix:
 [[ 76.6    4.96   0.     5.67   0.    10.64   2.13]
 [ 16.67  53.85   5.13   2.56   1.28   8.97  11.54]
 [  3.16   8.42  51.93   4.56   0.35   6.32  25.26]
 [  4.41   0.     4.41  61.76   7.35   8.82  13.24]
 [  0.     0.     0.     0.74  96.32   0.     2.94]
 [ 16.35   6.73   4.17   7.05   0.96  30.77  33.97]
 [  6.09   6.09   7.26   7.03   2.58  14.52  56.44]]