Train Shapes (X, y):  (6944, 31), (6944,)
Test Shapes (X, y):  (1875, 31), (1875,)
Unique classes: ['AGN' 'Blazar' 'CV' 'Flare' 'HPM' 'Non-Transient' 'Other' 'SN']
Unique count: [868 868 868 868 868 868 868 868]
Best Params: {'hidden_layer_sizes': (100, 100), 'activation': 'relu', 'alpha': 0.01, 'learning_rate': 'constant'}
Validation Accuracy: 0.5024
Test Accuracy: 0.5269
Report:
                precision    recall  f1-score   support

          AGN     0.4878    0.7092    0.5780       141
       Blazar     0.3360    0.5385    0.4138        78
           CV     0.6816    0.5860    0.6302       285
        Flare     0.2500    0.6324    0.3583        68
          HPM     0.5935    0.9338    0.7257       136
Non-Transient     0.6818    0.5257    0.5937       428
        Other     0.4935    0.2436    0.3262       312
           SN     0.4837    0.4871    0.4854       427

  avg / total     0.5543    0.5269    0.5224      1875
Confusion Matrix:
 [[100  11   1  10   0  13   3   3]
 [ 13  42   8   1   1   1   4   8]
 [  4  25 167  10   1  12   6  60]
 [  1   0   3  43   4   9   2   6]
 [  0   0   0   0 127   6   0   3]
 [ 16   1   5  55  65 225  22  39]
 [ 45  23  13  20   3  29  76 103]
 [ 26  23  48  33  13  35  41 208]]
Normalized Confusion Matrix:
 [[ 70.92   7.8    0.71   7.09   0.     9.22   2.13   2.13]
 [ 16.67  53.85  10.26   1.28   1.28   1.28   5.13  10.26]
 [  1.4    8.77  58.6    3.51   0.35   4.21   2.11  21.05]
 [  1.47   0.     4.41  63.24   5.88  13.24   2.94   8.82]
 [  0.     0.     0.     0.    93.38   4.41   0.     2.21]
 [  3.74   0.23   1.17  12.85  15.19  52.57   5.14   9.11]
 [ 14.42   7.37   4.17   6.41   0.96   9.29  24.36  33.01]
 [  6.09   5.39  11.24   7.73   3.04   8.2    9.6   48.71]]