Train Shapes (X, y):  (5624, 21), (5624,)
Test Shapes (X, y):  (1577, 21), (1577,)
Unique classes: ['AGN' 'Blazar' 'CV' 'Flare' 'HPM' 'Non-Transient' 'Other' 'SN']
Unique count: [703 703 703 703 703 703 703 703]
Best Params: {'C': 1000, 'kernel': 'rbf', 'gamma': 0.1}
Validation Accuracy: 0.5437
Test Accuracy: 0.5821
Report:
                precision    recall  f1-score   support

          AGN     0.5510    0.7660    0.6409       141
       Blazar     0.3604    0.5263    0.4278        76
           CV     0.7958    0.5891    0.6771       258
        Flare     0.3030    0.6452    0.4124        62
          HPM     0.7256    0.9015    0.8041       132
Non-Transient     0.6716    0.6599    0.6657       347
        Other     0.3986    0.2664    0.3193       214
           SN     0.5786    0.4986    0.5356       347

  avg / total     0.5987    0.5821    0.5799      1577
Confusion Matrix:
 [[108   4   0   7   0   8  11   3]
 [ 11  40   7   1   1   0  10   6]
 [  6  25 152   5   3   2  18  47]
 [  3   0   1  40   0  13   0   5]
 [  1   0   0   1 119  11   0   0]
 [ 15   2   1  32  32 229  14  22]
 [ 39  22   4  12   4  33  57  43]
 [ 13  18  26  34   5  45  33 173]]
Normalized Confusion Matrix:
 [[ 76.6    2.84   0.     4.96   0.     5.67   7.8    2.13]
 [ 14.47  52.63   9.21   1.32   1.32   0.    13.16   7.89]
 [  2.33   9.69  58.91   1.94   1.16   0.78   6.98  18.22]
 [  4.84   0.     1.61  64.52   0.    20.97   0.     8.06]
 [  0.76   0.     0.     0.76  90.15   8.33   0.     0.  ]
 [  4.32   0.58   0.29   9.22   9.22  65.99   4.03   6.34]
 [ 18.22  10.28   1.87   5.61   1.87  15.42  26.64  20.09]
 [  3.75   5.19   7.49   9.8    1.44  12.97   9.51  49.86]]