Train Shapes (X, y):  (6076, 31), (6076,)
Test Shapes (X, y):  (1563, 31), (1563,)
Unique classes: ['AGN' 'Blazar' 'CV' 'Flare' 'HPM' 'Non-Transient' 'SN']
Unique count: [868 868 868 868 868 868 868]
Best Params: {'C': 1000, 'kernel': 'rbf', 'gamma': 0.1}
Validation Accuracy: 0.6205
Test Accuracy: 0.6494
Report:
                precision    recall  f1-score   support

          AGN     0.6442    0.7447    0.6908       141
       Blazar     0.4037    0.5641    0.4706        78
           CV     0.7885    0.5754    0.6653       285
        Flare     0.2715    0.6029    0.3744        68
          HPM     0.7039    0.9265    0.8000       136
Non-Transient     0.7344    0.6589    0.6946       428
           SN     0.6856    0.5925    0.6357       427

  avg / total     0.6835    0.6494    0.6569      1563
Confusion Matrix:
 [[105   9   0   8   0  15   4]
 [ 14  44   5   1   1   3  10]
 [  7  26 164  13   1   6  68]
 [  1   0   3  41   1  14   8]
 [  0   0   0   1 126   8   1]
 [ 19   2   3  51  46 282  25]
 [ 17  28  33  36   4  56 253]]
Normalized Confusion Matrix:
 [[ 74.47   6.38   0.     5.67   0.    10.64   2.84]
 [ 17.95  56.41   6.41   1.28   1.28   3.85  12.82]
 [  2.46   9.12  57.54   4.56   0.35   2.11  23.86]
 [  1.47   0.     4.41  60.29   1.47  20.59  11.76]
 [  0.     0.     0.     0.74  92.65   5.88   0.74]
 [  4.44   0.47   0.7   11.92  10.75  65.89   5.84]
 [  3.98   6.56   7.73   8.43   0.94  13.11  59.25]]