Train Shapes (X, y):  (4928, 31), (4928,)
Test Shapes (X, y):  (1362, 31), (1362,)
Unique classes: ['AGN' 'Blazar' 'CV' 'Flare' 'HPM' 'Non-Transient' 'SN']
Unique count: [704 704 704 704 704 704 704]
Best Params: {'max_features': 'auto', 'n_estimators': 700}
Validation Accuracy: 0.6686
Test Accuracy: 0.7504
Report:
                precision    recall  f1-score   support

          AGN     0.7838    0.8227    0.8028       141
       Blazar     0.5526    0.5455    0.5490        77
           CV     0.8546    0.7519    0.8000       258
        Flare     0.3625    0.4677    0.4085        62
          HPM     0.8288    0.9167    0.8705       132
Non-Transient     0.7568    0.8006    0.7781       346
           SN     0.7618    0.7023    0.7308       346

  avg / total     0.7569    0.7504    0.7520      1362
Confusion Matrix:
 [[116   9   0   3   0   7   6]
 [ 13  42   9   1   0   2  10]
 [  5  19 194   3   2   5  30]
 [  1   0   1  29   1  23   7]
 [  1   0   0   0 121   8   2]
 [  2   1   5  22  18 277  21]
 [ 10   5  18  22   4  44 243]]
Normalized Confusion Matrix:
 [[ 82.27   6.38   0.     2.13   0.     4.96   4.26]
 [ 16.88  54.55  11.69   1.3    0.     2.6   12.99]
 [  1.94   7.36  75.19   1.16   0.78   1.94  11.63]
 [  1.61   0.     1.61  46.77   1.61  37.1   11.29]
 [  0.76   0.     0.     0.    91.67   6.06   1.52]
 [  0.58   0.29   1.45   6.36   5.2   80.06   6.07]
 [  2.89   1.45   5.2    6.36   1.16  12.72  70.23]]