Train Shapes (X, y):  (4928, 21), (4928,)
Test Shapes (X, y):  (1362, 21), (1362,)
Unique classes: ['AGN' 'Blazar' 'CV' 'Flare' 'HPM' 'Non-Transient' 'SN']
Unique count: [704 704 704 704 704 704 704]
Best Params: {'hidden_layer_sizes': (100, 100), 'activation': 'relu', 'alpha': 0.1, 'learning_rate': 'constant'}
Validation Accuracy: 0.6147
Test Accuracy: 0.6674
Report:
                precision    recall  f1-score   support

          AGN     0.6688    0.7305    0.6983       141
       Blazar     0.4868    0.4805    0.4837        77
           CV     0.7328    0.6589    0.6939       258
        Flare     0.3333    0.6290    0.4358        62
          HPM     0.7881    0.9015    0.8410       132
Non-Transient     0.7531    0.7052    0.7284       346
           SN     0.6396    0.5694    0.6024       346

  avg / total     0.6809    0.6674    0.6705      1362
Confusion Matrix:
 [[103   8   1  11   0  11   7]
 [ 13  37  13   1   0   1  12]
 [  3  16 170   6   0   5  58]
 [  0   0   0  39   1  16   6]
 [  1   0   1   0 119  11   0]
 [ 14   1   4  30  25 244  28]
 [ 20  14  43  30   6  36 197]]
Normalized Confusion Matrix:
 [[ 73.05   5.67   0.71   7.8    0.     7.8    4.96]
 [ 16.88  48.05  16.88   1.3    0.     1.3   15.58]
 [  1.16   6.2   65.89   2.33   0.     1.94  22.48]
 [  0.     0.     0.    62.9    1.61  25.81   9.68]
 [  0.76   0.     0.76   0.    90.15   8.33   0.  ]
 [  4.05   0.29   1.16   8.67   7.23  70.52   8.09]
 [  5.78   4.05  12.43   8.67   1.73  10.4   56.94]]