Train Shapes (X, y):  (6076, 31), (6076,)
Test Shapes (X, y):  (1563, 31), (1563,)
Unique classes: ['AGN' 'Blazar' 'CV' 'Flare' 'HPM' 'Non-Transient' 'SN']
Unique count: [868 868 868 868 868 868 868]
Best Params: {'max_features': 'auto', 'n_estimators': 700}
Validation Accuracy: 0.6613
Test Accuracy: 0.7287
Report:
                precision    recall  f1-score   support

          AGN     0.7823    0.8156    0.7986       141
       Blazar     0.4423    0.5897    0.5055        78
           CV     0.8033    0.6877    0.7410       285
        Flare     0.3448    0.4412    0.3871        68
          HPM     0.7730    0.9265    0.8428       136
Non-Transient     0.7822    0.7804    0.7813       428
           SN     0.7468    0.6838    0.7139       427

  avg / total     0.7396    0.7287    0.7315      1563
Confusion Matrix:
 [[115  15   0   1   1   6   3]
 [ 12  46   8   1   0   3   8]
 [  1  20 196   7   3   7  51]
 [  1   0   8  30   2  17  10]
 [  0   0   0   0 126   9   1]
 [  9   2   6  23  28 334  26]
 [  9  21  26  25   3  51 292]]
Normalized Confusion Matrix:
 [[ 81.56  10.64   0.     0.71   0.71   4.26   2.13]
 [ 15.38  58.97  10.26   1.28   0.     3.85  10.26]
 [  0.35   7.02  68.77   2.46   1.05   2.46  17.89]
 [  1.47   0.    11.76  44.12   2.94  25.    14.71]
 [  0.     0.     0.     0.    92.65   6.62   0.74]
 [  2.1    0.47   1.4    5.37   6.54  78.04   6.07]
 [  2.11   4.92   6.09   5.85   0.7   11.94  68.38]]