Train Shapes (X, y):  (6076, 27), (6076,)
Test Shapes (X, y):  (1563, 27), (1563,)
Unique classes: ['AGN' 'Blazar' 'CV' 'Flare' 'HPM' 'Non-Transient' 'SN']
Unique count: [868 868 868 868 868 868 868]
Best Params: {'C': 1000, 'kernel': 'rbf', 'gamma': 0.1}
Validation Accuracy: 0.6201
Test Accuracy: 0.6513
Report:
                precision    recall  f1-score   support

          AGN     0.6442    0.7447    0.6908       141
       Blazar     0.4037    0.5641    0.4706        78
           CV     0.7847    0.5754    0.6640       285
        Flare     0.2697    0.6029    0.3727        68
          HPM     0.7039    0.9265    0.8000       136
Non-Transient     0.7402    0.6589    0.6972       428
           SN     0.6919    0.5995    0.6424       427

  avg / total     0.6860    0.6513    0.6591      1563
Confusion Matrix:
 [[105   9   0   8   0  15   4]
 [ 14  44   5   1   1   3  10]
 [  7  26 164  15   1   6  66]
 [  1   0   3  41   1  14   8]
 [  0   0   0   1 126   8   1]
 [ 19   2   4  50  46 282  25]
 [ 17  28  33  36   4  53 256]]
Normalized Confusion Matrix:
 [[ 74.47   6.38   0.     5.67   0.    10.64   2.84]
 [ 17.95  56.41   6.41   1.28   1.28   3.85  12.82]
 [  2.46   9.12  57.54   5.26   0.35   2.11  23.16]
 [  1.47   0.     4.41  60.29   1.47  20.59  11.76]
 [  0.     0.     0.     0.74  92.65   5.88   0.74]
 [  4.44   0.47   0.93  11.68  10.75  65.89   5.84]
 [  3.98   6.56   7.73   8.43   0.94  12.41  59.95]]