Train Shapes (X, y):  (5624, 31), (5624,)
Test Shapes (X, y):  (1577, 31), (1577,)
Unique classes: ['AGN' 'Blazar' 'CV' 'Flare' 'HPM' 'Non-Transient' 'Other' 'SN']
Unique count: [703 703 703 703 703 703 703 703]
Best Params: {'C': 1000, 'kernel': 'rbf', 'gamma': 0.1}
Validation Accuracy: 0.5389
Test Accuracy: 0.5840
Report:
                precision    recall  f1-score   support

          AGN     0.5538    0.7660    0.6429       141
       Blazar     0.3661    0.5395    0.4362        76
           CV     0.7990    0.6008    0.6858       258
        Flare     0.3008    0.6452    0.4103        62
          HPM     0.7273    0.9091    0.8081       132
Non-Transient     0.6706    0.6513    0.6608       347
        Other     0.4052    0.2897    0.3379       214
           SN     0.5868    0.4870    0.5323       347

  avg / total     0.6022    0.5840    0.5828      1577
Confusion Matrix:
 [[108   4   0   7   0   8  11   3]
 [ 11  41   6   1   1   0  10   6]
 [  5  27 155   5   3   3  15  45]
 [  3   0   1  40   0  13   0   5]
 [  1   0   0   1 120  10   0   0]
 [ 15   2   1  33  32 226  19  19]
 [ 38  21   4  12   4  32  62  41]
 [ 14  17  27  34   5  45  36 169]]
Normalized Confusion Matrix:
 [[ 76.6    2.84   0.     4.96   0.     5.67   7.8    2.13]
 [ 14.47  53.95   7.89   1.32   1.32   0.    13.16   7.89]
 [  1.94  10.47  60.08   1.94   1.16   1.16   5.81  17.44]
 [  4.84   0.     1.61  64.52   0.    20.97   0.     8.06]
 [  0.76   0.     0.     0.76  90.91   7.58   0.     0.  ]
 [  4.32   0.58   0.29   9.51   9.22  65.13   5.48   5.48]
 [ 17.76   9.81   1.87   5.61   1.87  14.95  28.97  19.16]
 [  4.03   4.9    7.78   9.8    1.44  12.97  10.37  48.7 ]]