Train Shapes (X, y):  (6076, 31), (6076,)
Test Shapes (X, y):  (1563, 31), (1563,)
Unique classes: ['AGN' 'Blazar' 'CV' 'Flare' 'HPM' 'Non-Transient' 'SN']
Unique count: [868 868 868 868 868 868 868]
Best Params: {'C': 100, 'kernel': 'rbf', 'gamma': 0.01}
Validation Accuracy: 0.6254
Test Accuracy: 0.6603
Report:
                precision    recall  f1-score   support

          AGN     0.6604    0.7447    0.7000       141
       Blazar     0.3879    0.5769    0.4639        78
           CV     0.7573    0.6351    0.6908       285
        Flare     0.2782    0.5441    0.3682        68
          HPM     0.6966    0.9118    0.7898       136
Non-Transient     0.7577    0.6869    0.7206       428
           SN     0.7029    0.5761    0.6332       427

  avg / total     0.6892    0.6603    0.6673      1563
Confusion Matrix:
 [[105   9   1   9   0  12   5]
 [ 14  45   6   1   0   2  10]
 [  3  31 181  10   0   7  53]
 [  1   1   3  37   1  14  11]
 [  0   0   2   0 124   9   1]
 [ 13   2   7  43  45 294  24]
 [ 23  28  39  33   8  50 246]]
Normalized Confusion Matrix:
 [[ 74.47   6.38   0.71   6.38   0.     8.51   3.55]
 [ 17.95  57.69   7.69   1.28   0.     2.56  12.82]
 [  1.05  10.88  63.51   3.51   0.     2.46  18.6 ]
 [  1.47   1.47   4.41  54.41   1.47  20.59  16.18]
 [  0.     0.     1.47   0.    91.18   6.62   0.74]
 [  3.04   0.47   1.64  10.05  10.51  68.69   5.61]
 [  5.39   6.56   9.13   7.73   1.87  11.71  57.61]]