Train Shapes (X, y):  (4928, 27), (4928,)
Test Shapes (X, y):  (1362, 27), (1362,)
Unique classes: ['AGN' 'Blazar' 'CV' 'Flare' 'HPM' 'Non-Transient' 'SN']
Unique count: [704 704 704 704 704 704 704]
Best Params: {'max_features': 'auto', 'n_estimators': 700}
Validation Accuracy: 0.6698
Test Accuracy: 0.7592
Report:
                precision    recall  f1-score   support

          AGN     0.8239    0.8298    0.8269       141
       Blazar     0.5946    0.5714    0.5828        77
           CV     0.8553    0.7558    0.8025       258
        Flare     0.3763    0.5645    0.4516        62
          HPM     0.8392    0.9091    0.8727       132
Non-Transient     0.7741    0.8121    0.7927       346
           SN     0.7586    0.6994    0.7278       346

  avg / total     0.7688    0.7592    0.7620      1362
Confusion Matrix:
 [[117   6   0   3   0   7   8]
 [ 11  44  10   2   0   2   8]
 [  3  19 195   3   2   6  30]
 [  1   0   1  35   1  17   7]
 [  1   0   0   1 120   8   2]
 [  1   1   3  22  16 281  22]
 [  8   4  19  27   4  42 242]]
Normalized Confusion Matrix:
 [[ 82.98   4.26   0.     2.13   0.     4.96   5.67]
 [ 14.29  57.14  12.99   2.6    0.     2.6   10.39]
 [  1.16   7.36  75.58   1.16   0.78   2.33  11.63]
 [  1.61   0.     1.61  56.45   1.61  27.42  11.29]
 [  0.76   0.     0.     0.76  90.91   6.06   1.52]
 [  0.29   0.29   0.87   6.36   4.62  81.21   6.36]
 [  2.31   1.16   5.49   7.8    1.16  12.14  69.94]]