Train Shapes (X, y):  (6944, 27), (6944,)
Test Shapes (X, y):  (1875, 27), (1875,)
Unique classes: ['AGN' 'Blazar' 'CV' 'Flare' 'HPM' 'Non-Transient' 'Other' 'SN']
Unique count: [868 868 868 868 868 868 868 868]
Best Params: {'C': 1000, 'kernel': 'rbf', 'gamma': 0.1}
Validation Accuracy: 0.5333
Test Accuracy: 0.5451
Report:
                precision    recall  f1-score   support

          AGN     0.5000    0.7234    0.5913       141
       Blazar     0.3583    0.5513    0.4343        78
           CV     0.7143    0.5439    0.6175       285
        Flare     0.2422    0.5735    0.3406        68
          HPM     0.6702    0.9412    0.7829       136
Non-Transient     0.6827    0.6285    0.6545       428
        Other     0.4301    0.2660    0.3287       312
           SN     0.5139    0.4754    0.4939       427

  avg / total     0.5629    0.5451    0.5421      1875
Confusion Matrix:
 [[102   8   1   8   0  12   7   3]
 [ 12  43   5   1   1   2   5   9]
 [  7  22 155  12   1   4  15  69]
 [  1   0   3  39   1  14   4   6]
 [  0   0   0   0 128   7   0   1]
 [ 18   1   5  45  47 269  24  19]
 [ 43  22  13  22   1  43  83  85]
 [ 21  24  35  34  12  43  55 203]]
Normalized Confusion Matrix:
 [[ 72.34   5.67   0.71   5.67   0.     8.51   4.96   2.13]
 [ 15.38  55.13   6.41   1.28   1.28   2.56   6.41  11.54]
 [  2.46   7.72  54.39   4.21   0.35   1.4    5.26  24.21]
 [  1.47   0.     4.41  57.35   1.47  20.59   5.88   8.82]
 [  0.     0.     0.     0.    94.12   5.15   0.     0.74]
 [  4.21   0.23   1.17  10.51  10.98  62.85   5.61   4.44]
 [ 13.78   7.05   4.17   7.05   0.32  13.78  26.6   27.24]
 [  4.92   5.62   8.2    7.96   2.81  10.07  12.88  47.54]]