Train Shapes (X, y):  (6076, 31), (6076,)
Test Shapes (X, y):  (1563, 31), (1563,)
Unique classes: ['AGN' 'Blazar' 'CV' 'Flare' 'HPM' 'Non-Transient' 'SN']
Unique count: [868 868 868 868 868 868 868]
Best Params: {'hidden_layer_sizes': (100, 100), 'activation': 'relu', 'alpha': 0.01, 'learning_rate': 'constant'}
Validation Accuracy: 0.5913
Test Accuracy: 0.6296
Report:
                precision    recall  f1-score   support

          AGN     0.6196    0.7163    0.6645       141
       Blazar     0.4356    0.5641    0.4916        78
           CV     0.7373    0.5614    0.6375       285
        Flare     0.2819    0.6176    0.3871        68
          HPM     0.6561    0.9118    0.7631       136
Non-Transient     0.7236    0.6238    0.6700       428
           SN     0.6560    0.5761    0.6135       427

  avg / total     0.6588    0.6296    0.6350      1563
Confusion Matrix:
 [[101   8   0  10   0  18   4]
 [ 15  44   5   1   1   4   8]
 [  7  25 160  10   3  10  70]
 [  1   0   1  42   2  13   9]
 [  0   0   0   0 124   9   3]
 [ 18   3   3  52  50 267  35]
 [ 21  21  48  34   9  48 246]]
Normalized Confusion Matrix:
 [[ 71.63   5.67   0.     7.09   0.    12.77   2.84]
 [ 19.23  56.41   6.41   1.28   1.28   5.13  10.26]
 [  2.46   8.77  56.14   3.51   1.05   3.51  24.56]
 [  1.47   0.     1.47  61.76   2.94  19.12  13.24]
 [  0.     0.     0.     0.    91.18   6.62   2.21]
 [  4.21   0.7    0.7   12.15  11.68  62.38   8.18]
 [  4.92   4.92  11.24   7.96   2.11  11.24  57.61]]