Train Shapes (X, y):  (6076, 21), (6076,)
Test Shapes (X, y):  (1447, 21), (1447,)
Unique classes: ['AGN' 'Blazar' 'CV' 'Flare' 'HPM' 'Other' 'SN']
Unique count: [868 868 868 868 868 868 868]
Best Params: {'C': 10, 'kernel': 'rbf', 'gamma': 0.01}
Validation Accuracy: 0.5630
Test Accuracy: 0.5715
Report:
              precision    recall  f1-score   support

        AGN     0.4978    0.8014    0.6141       141
     Blazar     0.4018    0.5769    0.4737        78
         CV     0.7476    0.5404    0.6273       285
      Flare     0.4421    0.6176    0.5153        68
        HPM     0.8462    0.9706    0.9041       136
      Other     0.4804    0.3141    0.3798       312
         SN     0.5436    0.5691    0.5561       427

avg / total     0.5817    0.5715    0.5641      1447
Confusion Matrix:
 [[113   9   0   6   0  10   3]
 [ 12  45   4   2   1   6   8]
 [  8  18 154  13   2  22  68]
 [  3   0   2  42   6   4  11]
 [  0   0   0   1 132   0   3]
 [ 57  20  12  11   3  98 111]
 [ 34  20  34  20  12  64 243]]
Normalized Confusion Matrix:
 [[ 80.14   6.38   0.     4.26   0.     7.09   2.13]
 [ 15.38  57.69   5.13   2.56   1.28   7.69  10.26]
 [  2.81   6.32  54.04   4.56   0.7    7.72  23.86]
 [  4.41   0.     2.94  61.76   8.82   5.88  16.18]
 [  0.     0.     0.     0.74  97.06   0.     2.21]
 [ 18.27   6.41   3.85   3.53   0.96  31.41  35.58]
 [  7.96   4.68   7.96   4.68   2.81  14.99  56.91]]