Train Shapes (X, y):  (5624, 27), (5624,)
Test Shapes (X, y):  (1577, 27), (1577,)
Unique classes: ['AGN' 'Blazar' 'CV' 'Flare' 'HPM' 'Non-Transient' 'Other' 'SN']
Unique count: [703 703 703 703 703 703 703 703]
Best Params: {'max_features': 'auto', 'n_estimators': 700}
Validation Accuracy: 0.6038
Test Accuracy: 0.6709
Report:
                precision    recall  f1-score   support

          AGN     0.6731    0.7447    0.7071       141
       Blazar     0.5333    0.5263    0.5298        76
           CV     0.8083    0.7519    0.7791       258
        Flare     0.3723    0.5645    0.4487        62
          HPM     0.8231    0.9167    0.8674       132
Non-Transient     0.7202    0.8012    0.7585       347
        Other     0.4516    0.3925    0.4200       214
           SN     0.6860    0.5793    0.6281       347

  avg / total     0.6724    0.6709    0.6686      1577
Confusion Matrix:
 [[105   7   0   1   1   7  19   1]
 [ 11  40   7   1   0   0   9   8]
 [  2  11 194   3   2   4  13  29]
 [  1   0   3  35   1  17   2   3]
 [  1   0   0   1 121   9   0   0]
 [  1   1   3  21  12 278  21  10]
 [ 31   9  13   8   5  23  84  41]
 [  4   7  20  24   5  48  38 201]]
Normalized Confusion Matrix:
 [[ 74.47   4.96   0.     0.71   0.71   4.96  13.48   0.71]
 [ 14.47  52.63   9.21   1.32   0.     0.    11.84  10.53]
 [  0.78   4.26  75.19   1.16   0.78   1.55   5.04  11.24]
 [  1.61   0.     4.84  56.45   1.61  27.42   3.23   4.84]
 [  0.76   0.     0.     0.76  91.67   6.82   0.     0.  ]
 [  0.29   0.29   0.86   6.05   3.46  80.12   6.05   2.88]
 [ 14.49   4.21   6.07   3.74   2.34  10.75  39.25  19.16]
 [  1.15   2.02   5.76   6.92   1.44  13.83  10.95  57.93]]