Train Shapes (X, y):  (6944, 27), (6944,)
Test Shapes (X, y):  (1875, 27), (1875,)
Unique classes: ['AGN' 'Blazar' 'CV' 'Flare' 'HPM' 'Non-Transient' 'Other' 'SN']
Unique count: [868 868 868 868 868 868 868 868]
Best Params: {'max_features': 'auto', 'n_estimators': 700}
Validation Accuracy: 0.5716
Test Accuracy: 0.6251
Report:
                precision    recall  f1-score   support

          AGN     0.6220    0.7234    0.6689       141
       Blazar     0.3621    0.5385    0.4330        78
           CV     0.7366    0.6772    0.7057       285
        Flare     0.3300    0.4853    0.3929        68
          HPM     0.6940    0.9338    0.7962       136
Non-Transient     0.7500    0.7150    0.7321       428
        Other     0.5388    0.4231    0.4740       312
           SN     0.5970    0.5550    0.5752       427

  avg / total     0.6329    0.6251    0.6245      1875
Confusion Matrix:
 [[102  12   0   3   1   6  15   2]
 [ 10  42   5   2   0   1  10   8]
 [  1  19 193   8   2   8   6  48]
 [  1   0   6  33   2  17   3   6]
 [  0   0   0   0 127   6   0   3]
 [  7   2   7  26  37 306  27  16]
 [ 38  22  14   3   4  22 132  77]
 [  5  19  37  25  10  42  52 237]]
Normalized Confusion Matrix:
 [[ 72.34   8.51   0.     2.13   0.71   4.26  10.64   1.42]
 [ 12.82  53.85   6.41   2.56   0.     1.28  12.82  10.26]
 [  0.35   6.67  67.72   2.81   0.7    2.81   2.11  16.84]
 [  1.47   0.     8.82  48.53   2.94  25.     4.41   8.82]
 [  0.     0.     0.     0.    93.38   4.41   0.     2.21]
 [  1.64   0.47   1.64   6.07   8.64  71.5    6.31   3.74]
 [ 12.18   7.05   4.49   0.96   1.28   7.05  42.31  24.68]
 [  1.17   4.45   8.67   5.85   2.34   9.84  12.18  55.5 ]]