Train Shapes (X, y):  (4928, 21), (4928,)
Test Shapes (X, y):  (1230, 21), (1230,)
Unique classes: ['AGN' 'Blazar' 'CV' 'Flare' 'HPM' 'Other' 'SN']
Unique count: [704 704 704 704 704 704 704]
Best Params: {'max_features': 'auto', 'n_estimators': 700}
Validation Accuracy: 0.5858
Test Accuracy: 0.6317
Report:
              precision    recall  f1-score   support

        AGN     0.6433    0.7163    0.6779       141
     Blazar     0.4382    0.5065    0.4699        77
         CV     0.7467    0.6512    0.6957       258
      Flare     0.4516    0.6774    0.5419        62
        HPM     0.9143    0.9697    0.9412       132
      Other     0.4599    0.4019    0.4289       214
         SN     0.6283    0.6156    0.6219       346

avg / total     0.6354    0.6317    0.6309      1230
Confusion Matrix:
 [[101   7   2   8   0  21   2]
 [ 10  39   9   1   0  10   8]
 [  4  12 168   7   2  13  52]
 [  2   0   2  42   1   9   6]
 [  1   0   0   1 128   0   2]
 [ 27  15  12  14   4  86  56]
 [ 12  16  32  20   5  48 213]]
Normalized Confusion Matrix:
 [[ 71.63   4.96   1.42   5.67   0.    14.89   1.42]
 [ 12.99  50.65  11.69   1.3    0.    12.99  10.39]
 [  1.55   4.65  65.12   2.71   0.78   5.04  20.16]
 [  3.23   0.     3.23  67.74   1.61  14.52   9.68]
 [  0.76   0.     0.     0.76  96.97   0.     1.52]
 [ 12.62   7.01   5.61   6.54   1.87  40.19  26.17]
 [  3.47   4.62   9.25   5.78   1.45  13.87  61.56]]