Train Shapes (X, y):  (5624, 21), (5624,)
Test Shapes (X, y):  (1577, 21), (1577,)
Unique classes: ['AGN' 'Blazar' 'CV' 'Flare' 'HPM' 'Non-Transient' 'Other' 'SN']
Unique count: [703 703 703 703 703 703 703 703]
Best Params: {'hidden_layer_sizes': (100, 100), 'activation': 'relu', 'alpha': 0.01, 'learning_rate': 'constant'}
Validation Accuracy: 0.4950
Test Accuracy: 0.5422
Report:
                precision    recall  f1-score   support

          AGN     0.5369    0.7730    0.6337       141
       Blazar     0.3782    0.5921    0.4615        76
           CV     0.7835    0.5891    0.6726       258
        Flare     0.2446    0.7258    0.3659        62
          HPM     0.5753    0.9545    0.7179       132
Non-Transient     0.6780    0.4006    0.5036       347
        Other     0.4590    0.2617    0.3333       214
           SN     0.5529    0.5274    0.5398       347

  avg / total     0.5853    0.5422    0.5382      1577
Confusion Matrix:
 [[109  10   0   8   0   6   5   3]
 [ 10  45   7   1   1   0   4   8]
 [  7  27 152   6   5   2   7  52]
 [  3   0   1  45   1   8   0   4]
 [  1   0   0   0 126   3   0   2]
 [ 18   1   2  64  70 139  23  30]
 [ 38  23   6  17   6  19  56  49]
 [ 17  13  26  43  10  28  27 183]]
Normalized Confusion Matrix:
 [[ 77.3    7.09   0.     5.67   0.     4.26   3.55   2.13]
 [ 13.16  59.21   9.21   1.32   1.32   0.     5.26  10.53]
 [  2.71  10.47  58.91   2.33   1.94   0.78   2.71  20.16]
 [  4.84   0.     1.61  72.58   1.61  12.9    0.     6.45]
 [  0.76   0.     0.     0.    95.45   2.27   0.     1.52]
 [  5.19   0.29   0.58  18.44  20.17  40.06   6.63   8.65]
 [ 17.76  10.75   2.8    7.94   2.8    8.88  26.17  22.9 ]
 [  4.9    3.75   7.49  12.39   2.88   8.07   7.78  52.74]]