Train Shapes (X, y):  (4928, 27), (4928,)
Test Shapes (X, y):  (1230, 27), (1230,)
Unique classes: ['AGN' 'Blazar' 'CV' 'Flare' 'HPM' 'Other' 'SN']
Unique count: [704 704 704 704 704 704 704]
Best Params: {'hidden_layer_sizes': (100, 100), 'activation': 'relu', 'alpha': 0.01, 'learning_rate': 'constant'}
Validation Accuracy: 0.5568
Test Accuracy: 0.5976
Report:
              precision    recall  f1-score   support

        AGN     0.5622    0.8014    0.6608       141
     Blazar     0.3411    0.5714    0.4272        77
         CV     0.7456    0.6589    0.6996       258
      Flare     0.4773    0.6774    0.5600        62
        HPM     0.8889    0.9697    0.9275       132
      Other     0.4307    0.2757    0.3362       214
         SN     0.5908    0.5173    0.5516       346

avg / total     0.6028    0.5976    0.5907      1230
Confusion Matrix:
 [[113  10   0   6   1   8   3]
 [ 12  44   8   1   0   6   6]
 [  7  22 170   4   3  10  42]
 [  5   0   1  42   1   3  10]
 [  1   0   0   1 128   0   2]
 [ 44  22  11  15   2  59  61]
 [ 19  31  38  19   9  51 179]]
Normalized Confusion Matrix:
 [[ 80.14   7.09   0.     4.26   0.71   5.67   2.13]
 [ 15.58  57.14  10.39   1.3    0.     7.79   7.79]
 [  2.71   8.53  65.89   1.55   1.16   3.88  16.28]
 [  8.06   0.     1.61  67.74   1.61   4.84  16.13]
 [  0.76   0.     0.     0.76  96.97   0.     1.52]
 [ 20.56  10.28   5.14   7.01   0.93  27.57  28.5 ]
 [  5.49   8.96  10.98   5.49   2.6   14.74  51.73]]