Train Shapes (X, y):  (4928, 31), (4928,)
Test Shapes (X, y):  (1362, 31), (1362,)
Unique classes: ['AGN' 'Blazar' 'CV' 'Flare' 'HPM' 'Non-Transient' 'SN']
Unique count: [704 704 704 704 704 704 704]
Best Params: {'hidden_layer_sizes': (100, 100), 'activation': 'relu', 'alpha': 0.0001, 'learning_rate': 'constant'}
Validation Accuracy: 0.5915
Test Accuracy: 0.6498
Report:
                precision    recall  f1-score   support

          AGN     0.5815    0.7589    0.6585       141
       Blazar     0.4891    0.5844    0.5325        77
           CV     0.7834    0.6589    0.7158       258
        Flare     0.2754    0.6129    0.3800        62
          HPM     0.8049    0.7500    0.7765       132
Non-Transient     0.7073    0.6705    0.6884       346
           SN     0.6929    0.5607    0.6198       346

  avg / total     0.6825    0.6498    0.6588      1362
Confusion Matrix:
 [[107   8   0  10   0  12   4]
 [ 15  45  10   1   0   0   6]
 [ 10  25 170   7   2   5  39]
 [  4   0   1  38   1  15   3]
 [  1   0   0   0  99  30   2]
 [ 22   1   1  43  15 232  32]
 [ 25  13  35  39   6  34 194]]
Normalized Confusion Matrix:
 [[ 75.89   5.67   0.     7.09   0.     8.51   2.84]
 [ 19.48  58.44  12.99   1.3    0.     0.     7.79]
 [  3.88   9.69  65.89   2.71   0.78   1.94  15.12]
 [  6.45   0.     1.61  61.29   1.61  24.19   4.84]
 [  0.76   0.     0.     0.    75.    22.73   1.52]
 [  6.36   0.29   0.29  12.43   4.34  67.05   9.25]
 [  7.23   3.76  10.12  11.27   1.73   9.83  56.07]]