Train Shapes (X, y):  (5624, 21), (5624,)
Test Shapes (X, y):  (1577, 21), (1577,)
Unique classes: ['AGN' 'Blazar' 'CV' 'Flare' 'HPM' 'Non-Transient' 'Other' 'SN']
Unique count: [703 703 703 703 703 703 703 703]
Best Params: {'max_features': 'auto', 'n_estimators': 700}
Validation Accuracy: 0.5669
Test Accuracy: 0.6195
Report:
                precision    recall  f1-score   support

          AGN     0.6225    0.6667    0.6438       141
       Blazar     0.5068    0.4868    0.4966        76
           CV     0.7600    0.6628    0.7081       258
        Flare     0.3571    0.5645    0.4375        62
          HPM     0.7547    0.9091    0.8247       132
Non-Transient     0.6913    0.7291    0.7097       347
        Other     0.4062    0.3645    0.3842       214
           SN     0.6038    0.5447    0.5727       347

  avg / total     0.6217    0.6195    0.6179      1577
Confusion Matrix:
 [[ 94   7   2   8   0   9  20   1]
 [  9  37  10   1   0   0  11   8]
 [  3   9 171   7   3   2  13  50]
 [  1   0   2  35   1  17   4   2]
 [  1   0   0   0 120  11   0   0]
 [  4   0   2  18  25 253  25  20]
 [ 31  11  11   7   5  28  78  43]
 [  8   9  27  22   5  46  41 189]]
Normalized Confusion Matrix:
 [[ 66.67   4.96   1.42   5.67   0.     6.38  14.18   0.71]
 [ 11.84  48.68  13.16   1.32   0.     0.    14.47  10.53]
 [  1.16   3.49  66.28   2.71   1.16   0.78   5.04  19.38]
 [  1.61   0.     3.23  56.45   1.61  27.42   6.45   3.23]
 [  0.76   0.     0.     0.    90.91   8.33   0.     0.  ]
 [  1.15   0.     0.58   5.19   7.2   72.91   7.2    5.76]
 [ 14.49   5.14   5.14   3.27   2.34  13.08  36.45  20.09]
 [  2.31   2.59   7.78   6.34   1.44  13.26  11.82  54.47]]