Train Shapes (X, y):  (6076, 31), (6076,)
Test Shapes (X, y):  (1447, 31), (1447,)
Unique classes: ['AGN' 'Blazar' 'CV' 'Flare' 'HPM' 'Other' 'SN']
Unique count: [868 868 868 868 868 868 868]
Best Params: {'max_features': 'auto', 'n_estimators': 200}
Validation Accuracy: 0.6004
Test Accuracy: 0.6434
Report:
              precision    recall  f1-score   support

        AGN     0.6272    0.7518    0.6839       141
     Blazar     0.4184    0.5256    0.4659        78
         CV     0.7569    0.6772    0.7148       285
      Flare     0.4468    0.6176    0.5185        68
        HPM     0.8859    0.9706    0.9263       136
      Other     0.5670    0.4744    0.5166       312
         SN     0.6390    0.6300    0.6344       427

avg / total     0.6478    0.6434    0.6426      1447
Confusion Matrix:
 [[106   9   0   4   1  20   1]
 [ 11  41   9   1   0   9   7]
 [  1  17 193   8   1  18  47]
 [  1   0   5  42   3   6  11]
 [  0   0   0   1 132   0   3]
 [ 40  13  17   7   4 148  83]
 [ 10  18  31  31   8  60 269]]
Normalized Confusion Matrix:
 [[ 75.18   6.38   0.     2.84   0.71  14.18   0.71]
 [ 14.1   52.56  11.54   1.28   0.    11.54   8.97]
 [  0.35   5.96  67.72   2.81   0.35   6.32  16.49]
 [  1.47   0.     7.35  61.76   4.41   8.82  16.18]
 [  0.     0.     0.     0.74  97.06   0.     2.21]
 [ 12.82   4.17   5.45   2.24   1.28  47.44  26.6 ]
 [  2.34   4.22   7.26   7.26   1.87  14.05  63.  ]]