Train Shapes (X, y):  (6076, 31), (6076,)
Test Shapes (X, y):  (1563, 31), (1563,)
Unique classes: ['AGN' 'Blazar' 'CV' 'Flare' 'HPM' 'Non-Transient' 'SN']
Unique count: [868 868 868 868 868 868 868]
Best Params: {'max_features': 'auto', 'n_estimators': 200}
Validation Accuracy: 0.6575
Test Accuracy: 0.7127
Report:
                precision    recall  f1-score   support

          AGN     0.7500    0.7872    0.7682       141
       Blazar     0.4369    0.5769    0.4972        78
           CV     0.7975    0.6772    0.7324       285
        Flare     0.3143    0.4853    0.3815        68
          HPM     0.7299    0.9338    0.8194       136
Non-Transient     0.7850    0.7336    0.7585       428
           SN     0.7442    0.6815    0.7115       427

  avg / total     0.7303    0.7127    0.7176      1563
Confusion Matrix:
 [[111  16   0   4   1   6   3]
 [ 11  45   8   2   0   3   9]
 [  4  19 193   9   3   6  51]
 [  1   0   5  33   2  16  11]
 [  0   0   0   0 127   8   1]
 [ 12   2   7  31  37 314  25]
 [  9  21  29  26   4  47 291]]
Normalized Confusion Matrix:
 [[ 78.72  11.35   0.     2.84   0.71   4.26   2.13]
 [ 14.1   57.69  10.26   2.56   0.     3.85  11.54]
 [  1.4    6.67  67.72   3.16   1.05   2.11  17.89]
 [  1.47   0.     7.35  48.53   2.94  23.53  16.18]
 [  0.     0.     0.     0.    93.38   5.88   0.74]
 [  2.8    0.47   1.64   7.24   8.64  73.36   5.84]
 [  2.11   4.92   6.79   6.09   0.94  11.01  68.15]]