Train Shapes (X, y):  (6076, 21), (6076,)
Test Shapes (X, y):  (1563, 21), (1563,)
Unique classes: ['AGN' 'Blazar' 'CV' 'Flare' 'HPM' 'Non-Transient' 'SN']
Unique count: [868 868 868 868 868 868 868]
Best Params: {'max_features': 'auto', 'n_estimators': 700}
Validation Accuracy: 0.6328
Test Accuracy: 0.6807
Report:
                precision    recall  f1-score   support

          AGN     0.6781    0.7021    0.6899       141
       Blazar     0.4945    0.5769    0.5325        78
           CV     0.7211    0.6351    0.6754       285
        Flare     0.3434    0.5000    0.4072        68
          HPM     0.7045    0.9118    0.7949       136
Non-Transient     0.7555    0.7220    0.7384       428
           SN     0.6957    0.6370    0.6650       427

  avg / total     0.6905    0.6807    0.6827      1563
Confusion Matrix:
 [[ 99  11   2   8   0  17   4]
 [ 12  45   8   2   0   3   8]
 [  4  14 181  11   3   6  66]
 [  1   0   7  34   2  15   9]
 [  0   0   0   0 124  12   0]
 [ 15   3   6  22  41 309  32]
 [ 15  18  47  22   6  47 272]]
Normalized Confusion Matrix:
 [[ 70.21   7.8    1.42   5.67   0.    12.06   2.84]
 [ 15.38  57.69  10.26   2.56   0.     3.85  10.26]
 [  1.4    4.91  63.51   3.86   1.05   2.11  23.16]
 [  1.47   0.    10.29  50.     2.94  22.06  13.24]
 [  0.     0.     0.     0.    91.18   8.82   0.  ]
 [  3.5    0.7    1.4    5.14   9.58  72.2    7.48]
 [  3.51   4.22  11.01   5.15   1.41  11.01  63.7 ]]