Train Shapes (X, y):  (4928, 27), (4928,)
Test Shapes (X, y):  (1230, 27), (1230,)
Unique classes: ['AGN' 'Blazar' 'CV' 'Flare' 'HPM' 'Other' 'SN']
Unique count: [704 704 704 704 704 704 704]
Best Params: {'hidden_layer_sizes': (100, 100), 'activation': 'relu', 'alpha': 0.1, 'learning_rate': 'constant'}
Validation Accuracy: 0.5690
Test Accuracy: 0.6146
Report:
              precision    recall  f1-score   support

        AGN     0.6577    0.6950    0.6759       141
     Blazar     0.3525    0.5584    0.4322        77
         CV     0.7131    0.6744    0.6932       258
      Flare     0.4891    0.7258    0.5844        62
        HPM     0.9014    0.9697    0.9343       132
      Other     0.4775    0.3972    0.4337       214
         SN     0.6040    0.5289    0.5639       346

avg / total     0.6214    0.6146    0.6138      1230
Confusion Matrix:
 [[ 98  15   1   8   1  16   2]
 [  8  43   8   0   0   9   9]
 [  6  16 174   2   1  16  43]
 [  1   0   2  45   1   5   8]
 [  1   0   0   1 128   0   2]
 [ 23  20  12  15   3  85  56]
 [ 12  28  47  21   8  47 183]]
Normalized Confusion Matrix:
 [[ 69.5   10.64   0.71   5.67   0.71  11.35   1.42]
 [ 10.39  55.84  10.39   0.     0.    11.69  11.69]
 [  2.33   6.2   67.44   0.78   0.39   6.2   16.67]
 [  1.61   0.     3.23  72.58   1.61   8.06  12.9 ]
 [  0.76   0.     0.     0.76  96.97   0.     1.52]
 [ 10.75   9.35   5.61   7.01   1.4   39.72  26.17]
 [  3.47   8.09  13.58   6.07   2.31  13.58  52.89]]