Train Shapes (X, y):  (5624, 21), (5624,)
Test Shapes (X, y):  (1577, 21), (1577,)
Unique classes: ['AGN' 'Blazar' 'CV' 'Flare' 'HPM' 'Non-Transient' 'Other' 'SN']
Unique count: [703 703 703 703 703 703 703 703]
Best Params: {'max_features': 'auto', 'n_estimators': 700}
Validation Accuracy: 0.5645
Test Accuracy: 0.6030
Report:
                precision    recall  f1-score   support

          AGN     0.6216    0.6525    0.6367       141
       Blazar     0.4932    0.4737    0.4832        76
           CV     0.7668    0.6628    0.7110       258
        Flare     0.3364    0.5806    0.4260        62
          HPM     0.7407    0.9091    0.8163       132
Non-Transient     0.6715    0.6715    0.6715       347
        Other     0.3800    0.3551    0.3671       214
           SN     0.5899    0.5389    0.5633       347

  avg / total     0.6091    0.6030    0.6031      1577
Confusion Matrix:
 [[ 92   8   2   7   0   9  21   2]
 [ 10  36   9   1   0   0   9  11]
 [  3   9 171   5   2   2  14  52]
 [  1   0   2  36   1  17   3   2]
 [  1   0   0   0 120  11   0   0]
 [  5   0   2  27  29 233  31  20]
 [ 30  11  10   9   5  30  76  43]
 [  6   9  27  22   5  45  46 187]]
Normalized Confusion Matrix:
 [[ 65.25   5.67   1.42   4.96   0.     6.38  14.89   1.42]
 [ 13.16  47.37  11.84   1.32   0.     0.    11.84  14.47]
 [  1.16   3.49  66.28   1.94   0.78   0.78   5.43  20.16]
 [  1.61   0.     3.23  58.06   1.61  27.42   4.84   3.23]
 [  0.76   0.     0.     0.    90.91   8.33   0.     0.  ]
 [  1.44   0.     0.58   7.78   8.36  67.15   8.93   5.76]
 [ 14.02   5.14   4.67   4.21   2.34  14.02  35.51  20.09]
 [  1.73   2.59   7.78   6.34   1.44  12.97  13.26  53.89]]