Train Shapes (X, y):  (2937, 27), (2937,)
Test Shapes (X, y):  (1447, 27), (1447,)
Unique classes: ['AGN' 'Blazar' 'CV' 'Flare' 'HPM' 'Other' 'SN']
Unique count: [286 159 577 139 276 632 868]
Best Params: {'C': 1000, 'kernel': 'rbf', 'gamma': 0.1}
Validation Accuracy: 0.5196
Test Accuracy: 0.5432
Report:
              precision    recall  f1-score   support

        AGN     0.4737    0.8298    0.6031       141
     Blazar     0.2877    0.5385    0.3750        78
         CV     0.7209    0.5439    0.6200       285
      Flare     0.3833    0.6765    0.4894        68
        HPM     0.8993    0.9191    0.9091       136
      Other     0.4440    0.3686    0.4028       312
         SN     0.5794    0.4356    0.4973       427

avg / total     0.5729    0.5432    0.5431      1447
Confusion Matrix:
 [[117  10   0   7   0   7   0]
 [ 14  42   7   1   1   7   6]
 [ 12  25 155   9   1  29  54]
 [  4   0   4  46   3   7   4]
 [  0   0   0   7 125   2   2]
 [ 63  26  15  22   2 115  69]
 [ 37  43  34  28   7  92 186]]
Normalized Confusion Matrix:
 [[ 82.98   7.09   0.     4.96   0.     4.96   0.  ]
 [ 17.95  53.85   8.97   1.28   1.28   8.97   7.69]
 [  4.21   8.77  54.39   3.16   0.35  10.18  18.95]
 [  5.88   0.     5.88  67.65   4.41  10.29   5.88]
 [  0.     0.     0.     5.15  91.91   1.47   1.47]
 [ 20.19   8.33   4.81   7.05   0.64  36.86  22.12]
 [  8.67  10.07   7.96   6.56   1.64  21.55  43.56]]