Train Shapes (X, y):  (2937, 27), (2937,)
Test Shapes (X, y):  (1447, 27), (1447,)
Unique classes: ['AGN' 'Blazar' 'CV' 'Flare' 'HPM' 'Other' 'SN']
Unique count: [286 159 577 139 276 632 868]
Best Params: {'max_features': 'log2', 'n_estimators': 200}
Validation Accuracy: 0.6394
Test Accuracy: 0.6531
Report:
              precision    recall  f1-score   support

        AGN     0.6806    0.6950    0.6877       141
     Blazar     0.5625    0.3462    0.4286        78
         CV     0.7500    0.6632    0.7039       285
      Flare     0.7879    0.3824    0.5149        68
        HPM     0.9481    0.9412    0.9446       136
      Other     0.5779    0.4519    0.5072       312
         SN     0.5685    0.7869    0.6601       427

avg / total     0.6629    0.6531    0.6459      1447
Confusion Matrix:
 [[ 98   6   0   0   1  23  13]
 [ 10  27  14   0   0  13  14]
 [  2   4 189   2   0  13  75]
 [  1   0   4  26   3   5  29]
 [  0   0   0   1 128   1   6]
 [ 28   6  17   1   1 141 118]
 [  5   5  28   3   2  48 336]]
Normalized Confusion Matrix:
 [[ 69.5    4.26   0.     0.     0.71  16.31   9.22]
 [ 12.82  34.62  17.95   0.     0.    16.67  17.95]
 [  0.7    1.4   66.32   0.7    0.     4.56  26.32]
 [  1.47   0.     5.88  38.24   4.41   7.35  42.65]
 [  0.     0.     0.     0.74  94.12   0.74   4.41]
 [  8.97   1.92   5.45   0.32   0.32  45.19  37.82]
 [  1.17   1.17   6.56   0.7    0.47  11.24  78.69]]