Train Shapes (X, y):  (3172, 31), (3172,)
Test Shapes (X, y):  (1563, 31), (1563,)
Unique classes: ['AGN' 'Blazar' 'CV' 'Flare' 'HPM' 'Non-Transient' 'SN']
Unique count: [286 159 577 139 276 867 868]
Best Params: {'hidden_layer_sizes': (100, 100), 'activation': 'relu', 'alpha': 0.0001, 'learning_rate': 'constant'}
Validation Accuracy: 0.6230
Test Accuracy: 0.6513
Report:
                precision    recall  f1-score   support

          AGN     0.6571    0.6525    0.6548       141
       Blazar     0.6087    0.1795    0.2772        78
           CV     0.7200    0.5684    0.6353       285
        Flare     0.6429    0.2647    0.3750        68
          HPM     0.7516    0.8676    0.8055       136
Non-Transient     0.6518    0.7173    0.6830       428
           SN     0.5915    0.7190    0.6490       427

  avg / total     0.6544    0.6513    0.6395      1563
Confusion Matrix:
 [[ 92   2   1   2   0  22  22]
 [  9  14  18   0   0   6  31]
 [  4   6 162   4   2  18  89]
 [  1   0   5  18   0  29  15]
 [  0   0   0   0 118  17   1]
 [ 21   1   5   4  36 307  54]
 [ 13   0  34   0   1  72 307]]
Normalized Confusion Matrix:
 [[ 65.25   1.42   0.71   1.42   0.    15.6   15.6 ]
 [ 11.54  17.95  23.08   0.     0.     7.69  39.74]
 [  1.4    2.11  56.84   1.4    0.7    6.32  31.23]
 [  1.47   0.     7.35  26.47   0.    42.65  22.06]
 [  0.     0.     0.     0.    86.76  12.5    0.74]
 [  4.91   0.23   1.17   0.93   8.41  71.73  12.62]
 [  3.04   0.     7.96   0.     0.23  16.86  71.9 ]]