Train Shapes (X, y):  (2765, 31), (2765,)
Test Shapes (X, y):  (1362, 31), (1362,)
Unique classes: ['AGN' 'Blazar' 'CV' 'Flare' 'HPM' 'Non-Transient' 'SN']
Unique count: [285 155 524 125 268 704 704]
Best Params: {'hidden_layer_sizes': 100, 'activation': 'relu', 'alpha': 0.01, 'learning_rate': 'constant'}
Validation Accuracy: 0.6785
Test Accuracy: 0.6968
Report:
                precision    recall  f1-score   support

          AGN     0.6328    0.7943    0.7044       141
       Blazar     0.5893    0.4286    0.4962        77
           CV     0.7258    0.6977    0.7115       258
        Flare     0.5000    0.2903    0.3673        62
          HPM     0.8819    0.8485    0.8649       132
Non-Transient     0.6983    0.8092    0.7497       346
           SN     0.6751    0.6185    0.6456       346

  avg / total     0.6934    0.6968    0.6907      1362
Confusion Matrix:
 [[112   4   4   2   0  11   8]
 [ 15  33  15   0   0   1  13]
 [ 11  12 180   1   1   5  48]
 [  2   1   1  18   0  32   8]
 [  1   0   0   1 112  18   0]
 [ 19   0   4   8   9 280  26]
 [ 17   6  44   6   5  54 214]]
Normalized Confusion Matrix:
 [[ 79.43   2.84   2.84   1.42   0.     7.8    5.67]
 [ 19.48  42.86  19.48   0.     0.     1.3   16.88]
 [  4.26   4.65  69.77   0.39   0.39   1.94  18.6 ]
 [  3.23   1.61   1.61  29.03   0.    51.61  12.9 ]
 [  0.76   0.     0.     0.76  84.85  13.64   0.  ]
 [  5.49   0.     1.16   2.31   2.6   80.92   7.51]
 [  4.91   1.73  12.72   1.73   1.45  15.61  61.85]]