Train Shapes (X, y):  (2765, 21), (2765,)
Test Shapes (X, y):  (1362, 21), (1362,)
Unique classes: ['AGN' 'Blazar' 'CV' 'Flare' 'HPM' 'Non-Transient' 'SN']
Unique count: [285 155 524 125 268 704 704]
Best Params: {'max_features': 'auto', 'n_estimators': 700}
Validation Accuracy: 0.6901
Test Accuracy: 0.7173
Report:
                precision    recall  f1-score   support

          AGN     0.7656    0.6950    0.7286       141
       Blazar     0.7568    0.3636    0.4912        77
           CV     0.7946    0.6899    0.7386       258
        Flare     0.5806    0.2903    0.3871        62
          HPM     0.9350    0.8712    0.9020       132
Non-Transient     0.6752    0.8410    0.7490       346
           SN     0.6418    0.7197    0.6785       346

  avg / total     0.7242    0.7173    0.7108      1362
Confusion Matrix:
 [[ 98   4   3   2   0  18  16]
 [ 11  28  17   0   0   2  19]
 [  3   4 178   1   0   7  65]
 [  0   0   2  18   0  34   8]
 [  1   0   0   0 115  16   0]
 [  9   0   2   7   6 291  31]
 [  6   1  22   3   2  63 249]]
Normalized Confusion Matrix:
 [[ 69.5    2.84   2.13   1.42   0.    12.77  11.35]
 [ 14.29  36.36  22.08   0.     0.     2.6   24.68]
 [  1.16   1.55  68.99   0.39   0.     2.71  25.19]
 [  0.     0.     3.23  29.03   0.    54.84  12.9 ]
 [  0.76   0.     0.     0.    87.12  12.12   0.  ]
 [  2.6    0.     0.58   2.02   1.73  84.1    8.96]
 [  1.73   0.29   6.36   0.87   0.58  18.21  71.97]]