Train Shapes (X, y):  (2937, 21), (2937,)
Test Shapes (X, y):  (1447, 21), (1447,)
Unique classes: ['AGN' 'Blazar' 'CV' 'Flare' 'HPM' 'Other' 'SN']
Unique count: [286 159 577 139 276 632 868]
Best Params: {'hidden_layer_sizes': 100, 'activation': 'relu', 'alpha': 0.001, 'learning_rate': 'constant'}
Validation Accuracy: 0.5758
Test Accuracy: 0.6026
Report:
              precision    recall  f1-score   support

        AGN     0.5491    0.6738    0.6051       141
     Blazar     0.5283    0.3590    0.4275        78
         CV     0.6772    0.6035    0.6382       285
      Flare     0.6410    0.3676    0.4673        68
        HPM     0.9281    0.9485    0.9382       136
      Other     0.5018    0.4359    0.4666       312
         SN     0.5541    0.6721    0.6074       427

avg / total     0.6044    0.6026    0.5977      1447
Confusion Matrix:
 [[ 95   5   3   1   0  24  13]
 [ 10  28  11   0   0  11  18]
 [  4  10 172   5   0  28  66]
 [  6   0   6  25   4   6  21]
 [  0   0   1   2 129   0   4]
 [ 39   6  20   0   2 136 109]
 [ 19   4  41   6   4  66 287]]
Normalized Confusion Matrix:
 [[ 67.38   3.55   2.13   0.71   0.    17.02   9.22]
 [ 12.82  35.9   14.1    0.     0.    14.1   23.08]
 [  1.4    3.51  60.35   1.75   0.     9.82  23.16]
 [  8.82   0.     8.82  36.76   5.88   8.82  30.88]
 [  0.     0.     0.74   1.47  94.85   0.     2.94]
 [ 12.5    1.92   6.41   0.     0.64  43.59  34.94]
 [  4.45   0.94   9.6    1.41   0.94  15.46  67.21]]