Train Shapes (X, y):  (3172, 27), (3172,)
Test Shapes (X, y):  (1563, 27), (1563,)
Unique classes: ['AGN' 'Blazar' 'CV' 'Flare' 'HPM' 'Non-Transient' 'SN']
Unique count: [286 159 577 139 276 867 868]
Best Params: {'max_features': 'log2', 'n_estimators': 200}
Validation Accuracy: 0.7226
Test Accuracy: 0.7524
Report:
                precision    recall  f1-score   support

          AGN     0.8308    0.7660    0.7970       141
       Blazar     0.5833    0.3590    0.4444        78
           CV     0.7874    0.7018    0.7421       285
        Flare     0.7333    0.3235    0.4490        68
          HPM     0.9512    0.8603    0.9035       136
Non-Transient     0.7320    0.8808    0.7996       428
           SN     0.6998    0.7588    0.7281       427

  avg / total     0.7539    0.7524    0.7454      1563
Confusion Matrix:
 [[108   7   2   0   0  13  11]
 [ 12  28  17   0   0   2  19]
 [  3   5 200   2   0  16  59]
 [  1   0   4  22   0  26  15]
 [  0   0   0   0 117  16   3]
 [  3   1   6   4   5 377  32]
 [  3   7  25   2   1  65 324]]
Normalized Confusion Matrix:
 [[ 76.6    4.96   1.42   0.     0.     9.22   7.8 ]
 [ 15.38  35.9   21.79   0.     0.     2.56  24.36]
 [  1.05   1.75  70.18   0.7    0.     5.61  20.7 ]
 [  1.47   0.     5.88  32.35   0.    38.24  22.06]
 [  0.     0.     0.     0.    86.03  11.76   2.21]
 [  0.7    0.23   1.4    0.93   1.17  88.08   7.48]
 [  0.7    1.64   5.85   0.47   0.23  15.22  75.88]]