Train Shapes (X, y):  (2765, 27), (2765,)
Test Shapes (X, y):  (1362, 27), (1362,)
Unique classes: ['AGN' 'Blazar' 'CV' 'Flare' 'HPM' 'Non-Transient' 'SN']
Unique count: [285 155 524 125 268 704 704]
Best Params: {'hidden_layer_sizes': 100, 'activation': 'relu', 'alpha': 0.1, 'learning_rate': 'constant'}
Validation Accuracy: 0.6832
Test Accuracy: 0.6953
Report:
                precision    recall  f1-score   support

          AGN     0.6687    0.7589    0.7110       141
       Blazar     0.6226    0.4286    0.5077        77
           CV     0.7294    0.7209    0.7251       258
        Flare     0.4524    0.3065    0.3654        62
          HPM     0.8810    0.8409    0.8605       132
Non-Transient     0.6796    0.8092    0.7388       346
           SN     0.6720    0.6098    0.6394       346

  avg / total     0.6919    0.6953    0.6898      1362
Confusion Matrix:
 [[107   4   3   2   0  16   9]
 [ 13  33  16   0   0   1  14]
 [  8  10 186   1   1   5  47]
 [  2   1   2  19   0  33   5]
 [  1   0   0   1 111  19   0]
 [ 16   0   2  12   8 280  28]
 [ 13   5  46   7   6  58 211]]
Normalized Confusion Matrix:
 [[ 75.89   2.84   2.13   1.42   0.    11.35   6.38]
 [ 16.88  42.86  20.78   0.     0.     1.3   18.18]
 [  3.1    3.88  72.09   0.39   0.39   1.94  18.22]
 [  3.23   1.61   3.23  30.65   0.    53.23   8.06]
 [  0.76   0.     0.     0.76  84.09  14.39   0.  ]
 [  4.62   0.     0.58   3.47   2.31  80.92   8.09]
 [  3.76   1.45  13.29   2.02   1.73  16.76  60.98]]