Train Shapes (X, y):  (2937, 21), (2937,)
Test Shapes (X, y):  (1447, 21), (1447,)
Unique classes: ['AGN' 'Blazar' 'CV' 'Flare' 'HPM' 'Other' 'SN']
Unique count: [286 159 577 139 276 632 868]
Best Params: {'C': 1, 'kernel': 'rbf', 'gamma': 0.1}
Validation Accuracy: 0.5332
Test Accuracy: 0.5598
Report:
              precision    recall  f1-score   support

        AGN     0.4453    0.8652    0.5880       141
     Blazar     0.3150    0.5128    0.3902        78
         CV     0.6787    0.5930    0.6330       285
      Flare     0.4884    0.6176    0.5455        68
        HPM     0.9000    0.9265    0.9130       136
      Other     0.5022    0.3622    0.4209       312
         SN     0.5723    0.4637    0.5123       427

avg / total     0.5787    0.5598    0.5564      1447
Confusion Matrix:
 [[122  10   0   3   0   4   2]
 [ 16  40  10   1   0   6   5]
 [ 14  23 169   8   0  17  54]
 [  5   0   4  42   4   6   7]
 [  0   0   2   3 126   2   3]
 [ 74  16  19  12   1 113  77]
 [ 43  38  45  17   9  77 198]]
Normalized Confusion Matrix:
 [[ 86.52   7.09   0.     2.13   0.     2.84   1.42]
 [ 20.51  51.28  12.82   1.28   0.     7.69   6.41]
 [  4.91   8.07  59.3    2.81   0.     5.96  18.95]
 [  7.35   0.     5.88  61.76   5.88   8.82  10.29]
 [  0.     0.     1.47   2.21  92.65   1.47   2.21]
 [ 23.72   5.13   6.09   3.85   0.32  36.22  24.68]
 [ 10.07   8.9   10.54   3.98   2.11  18.03  46.37]]