Train Shapes (X, y):  (2765, 31), (2765,)
Test Shapes (X, y):  (1362, 31), (1362,)
Unique classes: ['AGN' 'Blazar' 'CV' 'Flare' 'HPM' 'Non-Transient' 'SN']
Unique count: [285 155 524 125 268 704 704]
Best Params: {'C': 1000, 'kernel': 'rbf', 'gamma': 0.1}
Validation Accuracy: 0.6246
Test Accuracy: 0.6579
Report:
                precision    recall  f1-score   support

          AGN     0.5812    0.7872    0.6687       141
       Blazar     0.4050    0.6364    0.4949        77
           CV     0.7667    0.6240    0.6880       258
        Flare     0.3203    0.6613    0.4316        62
          HPM     0.8417    0.8864    0.8635       132
Non-Transient     0.7423    0.6994    0.7202       346
           SN     0.7085    0.5058    0.5902       346

  avg / total     0.6930    0.6579    0.6638      1362
Confusion Matrix:
 [[111   9   0   6   0  12   3]
 [ 14  49   7   1   0   0   6]
 [  7  30 161   5   1   4  50]
 [  3   0   1  41   0  17   0]
 [  1   0   1   1 117  12   0]
 [ 25   2   6  42  16 242  13]
 [ 30  31  34  32   5  39 175]]
Normalized Confusion Matrix:
 [[ 78.72   6.38   0.     4.26   0.     8.51   2.13]
 [ 18.18  63.64   9.09   1.3    0.     0.     7.79]
 [  2.71  11.63  62.4    1.94   0.39   1.55  19.38]
 [  4.84   0.     1.61  66.13   0.    27.42   0.  ]
 [  0.76   0.     0.76   0.76  88.64   9.09   0.  ]
 [  7.23   0.58   1.73  12.14   4.62  69.94   3.76]
 [  8.67   8.96   9.83   9.25   1.45  11.27  50.58]]