Train Shapes (X, y):  (3172, 31), (3172,)
Test Shapes (X, y):  (1563, 31), (1563,)
Unique classes: ['AGN' 'Blazar' 'CV' 'Flare' 'HPM' 'Non-Transient' 'SN']
Unique count: [286 159 577 139 276 867 868]
Best Params: {'C': 1000, 'kernel': 'rbf', 'gamma': 0.1}
Validation Accuracy: 0.6028
Test Accuracy: 0.6366
Report:
                precision    recall  f1-score   support

          AGN     0.5421    0.8227    0.6535       141
       Blazar     0.3629    0.5769    0.4455        78
           CV     0.7558    0.5754    0.6534       285
        Flare     0.2756    0.6324    0.3839        68
          HPM     0.7613    0.8676    0.8110       136
Non-Transient     0.7553    0.6636    0.7065       428
           SN     0.7009    0.5269    0.6016       427

  avg / total     0.6814    0.6366    0.6454      1563
Confusion Matrix:
 [[116   9   0   7   0   7   2]
 [ 15  45   5   1   1   3   8]
 [ 10  29 164  12   1   7  62]
 [  1   0   3  43   1  12   8]
 [  0   0   0   4 118  14   0]
 [ 39   2   5  56  26 284  16]
 [ 33  39  40  33   8  49 225]]
Normalized Confusion Matrix:
 [[ 82.27   6.38   0.     4.96   0.     4.96   1.42]
 [ 19.23  57.69   6.41   1.28   1.28   3.85  10.26]
 [  3.51  10.18  57.54   4.21   0.35   2.46  21.75]
 [  1.47   0.     4.41  63.24   1.47  17.65  11.76]
 [  0.     0.     0.     2.94  86.76  10.29   0.  ]
 [  9.11   0.47   1.17  13.08   6.07  66.36   3.74]
 [  7.73   9.13   9.37   7.73   1.87  11.48  52.69]]