Train Shapes (X, y):  (2937, 31), (2937,)
Test Shapes (X, y):  (1447, 31), (1447,)
Unique classes: ['AGN' 'Blazar' 'CV' 'Flare' 'HPM' 'Other' 'SN']
Unique count: [286 159 577 139 276 632 868]
Best Params: {'max_features': 'auto', 'n_estimators': 700}
Validation Accuracy: 0.6323
Test Accuracy: 0.6531
Report:
              precision    recall  f1-score   support

        AGN     0.6929    0.6879    0.6904       141
     Blazar     0.5306    0.3333    0.4094        78
         CV     0.7452    0.6877    0.7153       285
      Flare     0.7778    0.4118    0.5385        68
        HPM     0.9353    0.9559    0.9455       136
      Other     0.5569    0.4551    0.5009       312
         SN     0.5770    0.7635    0.6573       427

avg / total     0.6577    0.6531    0.6464      1447
Confusion Matrix:
 [[ 97   6   1   0   0  23  14]
 [ 10  26  13   0   0  12  17]
 [  1   5 196   2   0  18  63]
 [  1   0   5  28   3   5  26]
 [  0   0   0   1 130   0   5]
 [ 27   6  19   0   4 142 114]
 [  4   6  29   5   2  55 326]]
Normalized Confusion Matrix:
 [[ 68.79   4.26   0.71   0.     0.    16.31   9.93]
 [ 12.82  33.33  16.67   0.     0.    15.38  21.79]
 [  0.35   1.75  68.77   0.7    0.     6.32  22.11]
 [  1.47   0.     7.35  41.18   4.41   7.35  38.24]
 [  0.     0.     0.     0.74  95.59   0.     3.68]
 [  8.65   1.92   6.09   0.     1.28  45.51  36.54]
 [  0.94   1.41   6.79   1.17   0.47  12.88  76.35]]