Train Shapes (X, y):  (2497, 31), (2497,)
Test Shapes (X, y):  (1230, 31), (1230,)
Unique classes: ['AGN' 'Blazar' 'CV' 'Flare' 'HPM' 'Other' 'SN']
Unique count: [285 155 524 125 268 436 704]
Best Params: {'C': 1000, 'kernel': 'rbf', 'gamma': 0.1}
Validation Accuracy: 0.5419
Test Accuracy: 0.5748
Report:
              precision    recall  f1-score   support

        AGN     0.5364    0.8369    0.6537       141
     Blazar     0.3162    0.5584    0.4038        77
         CV     0.7536    0.6163    0.6780       258
      Flare     0.4615    0.7742    0.5783        62
        HPM     0.9185    0.9394    0.9288       132
      Other     0.3500    0.2944    0.3198       214
         SN     0.6230    0.4393    0.5153       346

avg / total     0.5973    0.5748    0.5719      1230
Confusion Matrix:
 [[118   5   0   5   0  13   0]
 [ 14  43   7   1   0   7   5]
 [  7  30 159   4   1  19  38]
 [  8   0   1  48   0   4   1]
 [  1   0   1   1 124   1   4]
 [ 44  29  10  22   2  63  44]
 [ 28  29  33  23   8  73 152]]
Normalized Confusion Matrix:
 [[ 83.69   3.55   0.     3.55   0.     9.22   0.  ]
 [ 18.18  55.84   9.09   1.3    0.     9.09   6.49]
 [  2.71  11.63  61.63   1.55   0.39   7.36  14.73]
 [ 12.9    0.     1.61  77.42   0.     6.45   1.61]
 [  0.76   0.     0.76   0.76  93.94   0.76   3.03]
 [ 20.56  13.55   4.67  10.28   0.93  29.44  20.56]
 [  8.09   8.38   9.54   6.65   2.31  21.1   43.93]]