Train Shapes (X, y):  (3172, 27), (3172,)
Test Shapes (X, y):  (1563, 27), (1563,)
Unique classes: ['AGN' 'Blazar' 'CV' 'Flare' 'HPM' 'Non-Transient' 'SN']
Unique count: [286 159 577 139 276 867 868]
Best Params: {'max_features': 'log2', 'n_estimators': 200}
Validation Accuracy: 0.7153
Test Accuracy: 0.7383
Report:
                precision    recall  f1-score   support

          AGN     0.8148    0.7801    0.7971       141
       Blazar     0.6122    0.3846    0.4724        78
           CV     0.7520    0.6702    0.7087       285
        Flare     0.6786    0.2794    0.3958        68
          HPM     0.9134    0.8529    0.8821       136
Non-Transient     0.7193    0.8621    0.7843       428
           SN     0.6980    0.7471    0.7217       427

  avg / total     0.7378    0.7383    0.7306      1563
Confusion Matrix:
 [[110   5   2   0   0  14  10]
 [ 11  30  15   0   0   2  20]
 [  3   7 191   2   0  16  66]
 [  1   0   7  19   0  30  11]
 [  0   0   0   0 116  18   2]
 [  6   1   8   5  10 369  29]
 [  4   6  31   2   1  64 319]]
Normalized Confusion Matrix:
 [[ 78.01   3.55   1.42   0.     0.     9.93   7.09]
 [ 14.1   38.46  19.23   0.     0.     2.56  25.64]
 [  1.05   2.46  67.02   0.7    0.     5.61  23.16]
 [  1.47   0.    10.29  27.94   0.    44.12  16.18]
 [  0.     0.     0.     0.    85.29  13.24   1.47]
 [  1.4    0.23   1.87   1.17   2.34  86.21   6.78]
 [  0.94   1.41   7.26   0.47   0.23  14.99  74.71]]