Train Shapes (X, y):  (2497, 21), (2497,)
Test Shapes (X, y):  (1230, 21), (1230,)
Unique classes: ['AGN' 'Blazar' 'CV' 'Flare' 'HPM' 'Other' 'SN']
Unique count: [285 155 524 125 268 436 704]
Best Params: {'hidden_layer_sizes': 100, 'activation': 'relu', 'alpha': 0.1, 'learning_rate': 'constant'}
Validation Accuracy: 0.5955
Test Accuracy: 0.6211
Report:
              precision    recall  f1-score   support

        AGN     0.5988    0.7305    0.6581       141
     Blazar     0.5345    0.4026    0.4593        77
         CV     0.7234    0.6589    0.6897       258
      Flare     0.6757    0.4032    0.5051        62
        HPM     0.9323    0.9394    0.9358       132
      Other     0.4408    0.3131    0.3661       214
         SN     0.5508    0.7052    0.6185       346

avg / total     0.6196    0.6211    0.6124      1230
Confusion Matrix:
 [[103   4   1   3   0  17  13]
 [ 11  31  13   0   0   9  13]
 [  7   9 170   1   1  14  56]
 [  7   0   1  25   0   4  25]
 [  1   0   1   1 124   0   5]
 [ 28   9  16   4   3  67  87]
 [ 15   5  33   3   5  41 244]]
Normalized Confusion Matrix:
 [[ 73.05   2.84   0.71   2.13   0.    12.06   9.22]
 [ 14.29  40.26  16.88   0.     0.    11.69  16.88]
 [  2.71   3.49  65.89   0.39   0.39   5.43  21.71]
 [ 11.29   0.     1.61  40.32   0.     6.45  40.32]
 [  0.76   0.     0.76   0.76  93.94   0.     3.79]
 [ 13.08   4.21   7.48   1.87   1.4   31.31  40.65]
 [  4.34   1.45   9.54   0.87   1.45  11.85  70.52]]