Train Shapes (X, y):  (2765, 27), (2765,)
Test Shapes (X, y):  (1362, 27), (1362,)
Unique classes: ['AGN' 'Blazar' 'CV' 'Flare' 'HPM' 'Non-Transient' 'SN']
Unique count: [285 155 524 125 268 704 704]
Best Params: {'C': 1000, 'kernel': 'rbf', 'gamma': 0.1}
Validation Accuracy: 0.6239
Test Accuracy: 0.6564
Report:
                precision    recall  f1-score   support

          AGN     0.5812    0.7872    0.6687       141
       Blazar     0.4016    0.6364    0.4925        77
           CV     0.7656    0.6202    0.6852       258
        Flare     0.3203    0.6613    0.4316        62
          HPM     0.8417    0.8864    0.8635       132
Non-Transient     0.7423    0.6994    0.7202       346
           SN     0.7045    0.5029    0.5868       346

  avg / total     0.6916    0.6564    0.6622      1362
Confusion Matrix:
 [[111   9   0   6   0  12   3]
 [ 14  49   7   1   0   0   6]
 [  7  30 160   5   1   4  51]
 [  3   0   1  41   0  17   0]
 [  1   0   1   1 117  12   0]
 [ 25   2   6  42  16 242  13]
 [ 30  32  34  32   5  39 174]]
Normalized Confusion Matrix:
 [[ 78.72   6.38   0.     4.26   0.     8.51   2.13]
 [ 18.18  63.64   9.09   1.3    0.     0.     7.79]
 [  2.71  11.63  62.02   1.94   0.39   1.55  19.77]
 [  4.84   0.     1.61  66.13   0.    27.42   0.  ]
 [  0.76   0.     0.76   0.76  88.64   9.09   0.  ]
 [  7.23   0.58   1.73  12.14   4.62  69.94   3.76]
 [  8.67   9.25   9.83   9.25   1.45  11.27  50.29]]