Train Shapes (X, y):  (3172, 21), (3172,)
Test Shapes (X, y):  (1563, 21), (1563,)
Unique classes: ['AGN' 'Blazar' 'CV' 'Flare' 'HPM' 'Non-Transient' 'SN']
Unique count: [286 159 577 139 276 867 868]
Best Params: {'C': 100, 'kernel': 'rbf', 'gamma': 0.01}
Validation Accuracy: 0.6132
Test Accuracy: 0.6360
Report:
                precision    recall  f1-score   support

          AGN     0.5600    0.7943    0.6569       141
       Blazar     0.3516    0.5769    0.4369        78
           CV     0.7213    0.6175    0.6654       285
        Flare     0.2867    0.6324    0.3945        68
          HPM     0.7919    0.8676    0.8281       136
Non-Transient     0.7323    0.6519    0.6897       428
           SN     0.7106    0.5176    0.5989       427

  avg / total     0.6756    0.6360    0.6441      1563
Confusion Matrix:
 [[112  10   0   7   0  10   2]
 [ 14  45   7   1   0   3   8]
 [ 10  27 176   9   0   8  55]
 [  1   1   3  43   1  13   6]
 [  0   0   2   1 118  15   0]
 [ 36   2   9  59  24 279  19]
 [ 27  43  47  30   6  53 221]]
Normalized Confusion Matrix:
 [[ 79.43   7.09   0.     4.96   0.     7.09   1.42]
 [ 17.95  57.69   8.97   1.28   0.     3.85  10.26]
 [  3.51   9.47  61.75   3.16   0.     2.81  19.3 ]
 [  1.47   1.47   4.41  63.24   1.47  19.12   8.82]
 [  0.     0.     1.47   0.74  86.76  11.03   0.  ]
 [  8.41   0.47   2.1   13.79   5.61  65.19   4.44]
 [  6.32  10.07  11.01   7.03   1.41  12.41  51.76]]