Train Shapes (X, y):  (2497, 27), (2497,)
Test Shapes (X, y):  (1230, 27), (1230,)
Unique classes: ['AGN' 'Blazar' 'CV' 'Flare' 'HPM' 'Other' 'SN']
Unique count: [285 155 524 125 268 436 704]
Best Params: {'max_features': 'log2', 'n_estimators': 700}
Validation Accuracy: 0.6520
Test Accuracy: 0.6561
Report:
              precision    recall  f1-score   support

        AGN     0.7594    0.7163    0.7372       141
     Blazar     0.5625    0.3506    0.4320        77
         CV     0.7714    0.7326    0.7515       258
      Flare     0.6571    0.3710    0.4742        62
        HPM     0.9275    0.9697    0.9481       132
      Other     0.4606    0.3551    0.4011       214
         SN     0.5644    0.7601    0.6478       346

avg / total     0.6556    0.6561    0.6468      1230
Confusion Matrix:
 [[101   5   1   0   0  19  15]
 [ 10  27  14   0   0   9  17]
 [  2   4 189   1   2  12  48]
 [  1   0   2  23   1   6  29]
 [  1   0   0   1 128   0   2]
 [ 18   7  14   4   3  76  92]
 [  0   5  25   6   4  43 263]]
Normalized Confusion Matrix:
 [[ 71.63   3.55   0.71   0.     0.    13.48  10.64]
 [ 12.99  35.06  18.18   0.     0.    11.69  22.08]
 [  0.78   1.55  73.26   0.39   0.78   4.65  18.6 ]
 [  1.61   0.     3.23  37.1    1.61   9.68  46.77]
 [  0.76   0.     0.     0.76  96.97   0.     1.52]
 [  8.41   3.27   6.54   1.87   1.4   35.51  42.99]
 [  0.     1.45   7.23   1.73   1.16  12.43  76.01]]