Train Shapes (X, y):  (3172, 31), (3172,)
Test Shapes (X, y):  (1563, 31), (1563,)
Unique classes: ['AGN' 'Blazar' 'CV' 'Flare' 'HPM' 'Non-Transient' 'SN']
Unique count: [286 159 577 139 276 867 868]
Best Params: {'hidden_layer_sizes': 100, 'activation': 'relu', 'alpha': 0.001, 'learning_rate': 'constant'}
Validation Accuracy: 0.6702
Test Accuracy: 0.6807
Report:
                precision    recall  f1-score   support

          AGN     0.6581    0.7234    0.6892       141
       Blazar     0.4839    0.3846    0.4286        78
           CV     0.7262    0.6421    0.6816       285
        Flare     0.5128    0.2941    0.3738        68
          HPM     0.8730    0.8088    0.8397       136
Non-Transient     0.6955    0.7897    0.7396       428
           SN     0.6343    0.6581    0.6460       427

  avg / total     0.6779    0.6807    0.6762      1563
Confusion Matrix:
 [[102   5   3   3   0  17  11]
 [ 14  30  13   0   0   3  18]
 [  8  14 183   3   0  13  64]
 [  1   0   5  20   1  22  19]
 [  0   0   0   0 110  25   1]
 [ 15   1   7   8  10 338  49]
 [ 15  12  41   5   5  68 281]]
Normalized Confusion Matrix:
 [[ 72.34   3.55   2.13   2.13   0.    12.06   7.8 ]
 [ 17.95  38.46  16.67   0.     0.     3.85  23.08]
 [  2.81   4.91  64.21   1.05   0.     4.56  22.46]
 [  1.47   0.     7.35  29.41   1.47  32.35  27.94]
 [  0.     0.     0.     0.    80.88  18.38   0.74]
 [  3.5    0.23   1.64   1.87   2.34  78.97  11.45]
 [  3.51   2.81   9.6    1.17   1.17  15.93  65.81]]