Train Shapes (X, y):  (2937, 31), (2937,)
Test Shapes (X, y):  (1447, 31), (1447,)
Unique classes: ['AGN' 'Blazar' 'CV' 'Flare' 'HPM' 'Other' 'SN']
Unique count: [286 159 577 139 276 632 868]
Best Params: {'max_features': 'auto', 'n_estimators': 200}
Validation Accuracy: 0.6275
Test Accuracy: 0.6510
Report:
              precision    recall  f1-score   support

        AGN     0.6985    0.6738    0.6859       141
     Blazar     0.5400    0.3462    0.4219        78
         CV     0.7391    0.6561    0.6952       285
      Flare     0.8056    0.4265    0.5577        68
        HPM     0.9556    0.9485    0.9520       136
      Other     0.5569    0.4551    0.5009       312
         SN     0.5722    0.7799    0.6601       427

avg / total     0.6593    0.6510    0.6450      1447
Confusion Matrix:
 [[ 95   5   0   0   0  24  17]
 [  9  27  12   0   0  12  18]
 [  1   5 187   2   0  19  71]
 [  1   0   4  29   3   8  23]
 [  0   0   0   1 129   1   5]
 [ 26   6  21   1   1 142 115]
 [  4   7  29   3   2  49 333]]
Normalized Confusion Matrix:
 [[ 67.38   3.55   0.     0.     0.    17.02  12.06]
 [ 11.54  34.62  15.38   0.     0.    15.38  23.08]
 [  0.35   1.75  65.61   0.7    0.     6.67  24.91]
 [  1.47   0.     5.88  42.65   4.41  11.76  33.82]
 [  0.     0.     0.     0.74  94.85   0.74   3.68]
 [  8.33   1.92   6.73   0.32   0.32  45.51  36.86]
 [  0.94   1.64   6.79   0.7    0.47  11.48  77.99]]