Train Shapes (X, y):  (2497, 21), (2497,)
Test Shapes (X, y):  (1230, 21), (1230,)
Unique classes: ['AGN' 'Blazar' 'CV' 'Flare' 'HPM' 'Other' 'SN']
Unique count: [285 155 524 125 268 436 704]
Best Params: {'max_features': 'auto', 'n_estimators': 200}
Validation Accuracy: 0.6300
Test Accuracy: 0.6276
Report:
              precision    recall  f1-score   support

        AGN     0.6433    0.7163    0.6779       141
     Blazar     0.5870    0.3506    0.4390        77
         CV     0.7261    0.6783    0.7014       258
      Flare     0.6757    0.4032    0.5051        62
        HPM     0.9265    0.9545    0.9403       132
      Other     0.4079    0.2897    0.3388       214
         SN     0.5553    0.7399    0.6344       346

avg / total     0.6235    0.6276    0.6161      1230
Confusion Matrix:
 [[101   3   2   3   0  23   9]
 [ 10  27  18   0   0   8  14]
 [  4   4 175   1   1  14  59]
 [  1   0   2  25   1   8  25]
 [  1   0   0   1 126   0   4]
 [ 30   7  14   4   3  62  94]
 [ 10   5  30   3   5  37 256]]
Normalized Confusion Matrix:
 [[ 71.63   2.13   1.42   2.13   0.    16.31   6.38]
 [ 12.99  35.06  23.38   0.     0.    10.39  18.18]
 [  1.55   1.55  67.83   0.39   0.39   5.43  22.87]
 [  1.61   0.     3.23  40.32   1.61  12.9   40.32]
 [  0.76   0.     0.     0.76  95.45   0.     3.03]
 [ 14.02   3.27   6.54   1.87   1.4   28.97  43.93]
 [  2.89   1.45   8.67   0.87   1.45  10.69  73.99]]