Train Shapes (X, y):  (2937, 27), (2937,)
Test Shapes (X, y):  (1447, 27), (1447,)
Unique classes: ['AGN' 'Blazar' 'CV' 'Flare' 'HPM' 'Other' 'SN']
Unique count: [286 159 577 139 276 632 868]
Best Params: {'hidden_layer_sizes': (100, 100), 'activation': 'relu', 'alpha': 0.01, 'learning_rate': 'constant'}
Validation Accuracy: 0.5529
Test Accuracy: 0.5681
Report:
              precision    recall  f1-score   support

        AGN     0.4366    0.8298    0.5721       141
     Blazar     0.5556    0.2564    0.3509        78
         CV     0.7059    0.5474    0.6166       285
      Flare     0.6471    0.3235    0.4314        68
        HPM     0.8973    0.9632    0.9291       136
      Other     0.4821    0.2596    0.3375       312
         SN     0.5139    0.6909    0.5894       427

avg / total     0.5819    0.5681    0.5504      1447
Confusion Matrix:
 [[117   3   0   1   0   5  15]
 [ 20  20  13   0   0   5  20]
 [ 13   7 156   5   1  22  81]
 [ 10   0   5  22   7   5  19]
 [  0   0   0   0 131   1   4]
 [ 65   4  19   1   2  81 140]
 [ 43   2  28   5   5  49 295]]
Normalized Confusion Matrix:
 [[ 82.98   2.13   0.     0.71   0.     3.55  10.64]
 [ 25.64  25.64  16.67   0.     0.     6.41  25.64]
 [  4.56   2.46  54.74   1.75   0.35   7.72  28.42]
 [ 14.71   0.     7.35  32.35  10.29   7.35  27.94]
 [  0.     0.     0.     0.    96.32   0.74   2.94]
 [ 20.83   1.28   6.09   0.32   0.64  25.96  44.87]
 [ 10.07   0.47   6.56   1.17   1.17  11.48  69.09]]