Train Shapes (X, y):  (2937, 21), (2937,)
Test Shapes (X, y):  (1447, 21), (1447,)
Unique classes: ['AGN' 'Blazar' 'CV' 'Flare' 'HPM' 'Other' 'SN']
Unique count: [286 159 577 139 276 632 868]
Best Params: {'max_features': 'auto', 'n_estimators': 200}
Validation Accuracy: 0.6030
Test Accuracy: 0.6144
Report:
              precision    recall  f1-score   support

        AGN     0.6184    0.6667    0.6416       141
     Blazar     0.5625    0.3462    0.4286        78
         CV     0.6825    0.6035    0.6406       285
      Flare     0.7436    0.4265    0.5421        68
        HPM     0.9478    0.9338    0.9407       136
      Other     0.5257    0.4263    0.4708       312
         SN     0.5395    0.7190    0.6165       427

avg / total     0.6216    0.6144    0.6091      1447
Confusion Matrix:
 [[ 94   4   2   2   0  25  14]
 [ 10  27  14   0   0   8  19]
 [  3   6 172   1   0  19  84]
 [  1   0   6  29   3   7  22]
 [  0   0   0   1 127   1   7]
 [ 34   6  21   1   1 133 116]
 [ 10   5  37   5   3  60 307]]
Normalized Confusion Matrix:
 [[ 66.67   2.84   1.42   1.42   0.    17.73   9.93]
 [ 12.82  34.62  17.95   0.     0.    10.26  24.36]
 [  1.05   2.11  60.35   0.35   0.     6.67  29.47]
 [  1.47   0.     8.82  42.65   4.41  10.29  32.35]
 [  0.     0.     0.     0.74  93.38   0.74   5.15]
 [ 10.9    1.92   6.73   0.32   0.32  42.63  37.18]
 [  2.34   1.17   8.67   1.17   0.7   14.05  71.9 ]]