Train Shapes (X, y):  (3172, 31), (3172,)
Test Shapes (X, y):  (1563, 31), (1563,)
Unique classes: ['AGN' 'Blazar' 'CV' 'Flare' 'HPM' 'Non-Transient' 'SN']
Unique count: [286 159 577 139 276 867 868]
Best Params: {'max_features': 'auto', 'n_estimators': 200}
Validation Accuracy: 0.7169
Test Accuracy: 0.7358
Report:
                precision    recall  f1-score   support

          AGN     0.8258    0.7730    0.7985       141
       Blazar     0.5800    0.3718    0.4531        78
           CV     0.7611    0.6596    0.7068       285
        Flare     0.6897    0.2941    0.4124        68
          HPM     0.9431    0.8529    0.8958       136
Non-Transient     0.7251    0.8692    0.7906       428
           SN     0.6738    0.7400    0.7054       427

  avg / total     0.7369    0.7358    0.7286      1563
Confusion Matrix:
 [[109   5   2   0   0  13  12]
 [ 12  29  13   0   0   2  22]
 [  2   8 188   2   0  16  69]
 [  1   0   6  20   0  26  15]
 [  0   0   0   0 116  18   2]
 [  4   1   7   5   6 372  33]
 [  4   7  31   2   1  66 316]]
Normalized Confusion Matrix:
 [[ 77.3    3.55   1.42   0.     0.     9.22   8.51]
 [ 15.38  37.18  16.67   0.     0.     2.56  28.21]
 [  0.7    2.81  65.96   0.7    0.     5.61  24.21]
 [  1.47   0.     8.82  29.41   0.    38.24  22.06]
 [  0.     0.     0.     0.    85.29  13.24   1.47]
 [  0.93   0.23   1.64   1.17   1.4   86.92   7.71]
 [  0.94   1.64   7.26   0.47   0.23  15.46  74.  ]]