Train Shapes (X, y):  (2937, 31), (2937,)
Test Shapes (X, y):  (1447, 31), (1447,)
Unique classes: ['AGN' 'Blazar' 'CV' 'Flare' 'HPM' 'Other' 'SN']
Unique count: [286 159 577 139 276 632 868]
Best Params: {'hidden_layer_sizes': 100, 'activation': 'relu', 'alpha': 0.0001, 'learning_rate': 'constant'}
Validation Accuracy: 0.5329
Test Accuracy: 0.5639
Report:
              precision    recall  f1-score   support

        AGN     0.4750    0.6738    0.5572       141
     Blazar     0.4706    0.1026    0.1684        78
         CV     0.6694    0.5825    0.6229       285
      Flare     0.6875    0.3235    0.4400        68
        HPM     0.9161    0.9632    0.9391       136
      Other     0.5448    0.2340    0.3274       312
         SN     0.4770    0.7518    0.5836       427

avg / total     0.5801    0.5639    0.5378      1447
Confusion Matrix:
 [[ 95   2   1   1   0   8  34]
 [ 10   8  18   0   0   8  34]
 [  8   4 166   4   1   9  93]
 [  9   0   6  22   5   5  21]
 [  0   0   0   0 131   1   4]
 [ 43   1  26   2   1  73 166]
 [ 35   2  31   3   5  30 321]]
Normalized Confusion Matrix:
 [[ 67.38   1.42   0.71   0.71   0.     5.67  24.11]
 [ 12.82  10.26  23.08   0.     0.    10.26  43.59]
 [  2.81   1.4   58.25   1.4    0.35   3.16  32.63]
 [ 13.24   0.     8.82  32.35   7.35   7.35  30.88]
 [  0.     0.     0.     0.    96.32   0.74   2.94]
 [ 13.78   0.32   8.33   0.64   0.32  23.4   53.21]
 [  8.2    0.47   7.26   0.7    1.17   7.03  75.18]]