Train Shapes (X, y):  (3172, 27), (3172,)
Test Shapes (X, y):  (1563, 27), (1563,)
Unique classes: ['AGN' 'Blazar' 'CV' 'Flare' 'HPM' 'Non-Transient' 'SN']
Unique count: [286 159 577 139 276 867 868]
Best Params: {'hidden_layer_sizes': 100, 'activation': 'relu', 'alpha': 0.1, 'learning_rate': 'constant'}
Validation Accuracy: 0.6709
Test Accuracy: 0.6859
Report:
                precision    recall  f1-score   support

          AGN     0.6711    0.7234    0.6962       141
       Blazar     0.5455    0.3846    0.4511        78
           CV     0.6871    0.6702    0.6785       285
        Flare     0.4884    0.3088    0.3784        68
          HPM     0.8819    0.8235    0.8517       136
Non-Transient     0.6965    0.7991    0.7443       428
           SN     0.6571    0.6417    0.6493       427

  avg / total     0.6813    0.6859    0.6808      1563
Confusion Matrix:
 [[102   7   3   4   0  18   7]
 [ 14  30  15   1   0   2  16]
 [  6  10 191   3   0  15  60]
 [  1   0   5  21   1  25  15]
 [  0   0   0   0 112  23   1]
 [ 14   0   9   7  12 342  44]
 [ 15   8  55   7   2  66 274]]
Normalized Confusion Matrix:
 [[ 72.34   4.96   2.13   2.84   0.    12.77   4.96]
 [ 17.95  38.46  19.23   1.28   0.     2.56  20.51]
 [  2.11   3.51  67.02   1.05   0.     5.26  21.05]
 [  1.47   0.     7.35  30.88   1.47  36.76  22.06]
 [  0.     0.     0.     0.    82.35  16.91   0.74]
 [  3.27   0.     2.1    1.64   2.8   79.91  10.28]
 [  3.51   1.87  12.88   1.64   0.47  15.46  64.17]]