Train Shapes (X, y):  (2497, 21), (2497,)
Test Shapes (X, y):  (1230, 21), (1230,)
Unique classes: ['AGN' 'Blazar' 'CV' 'Flare' 'HPM' 'Other' 'SN']
Unique count: [285 155 524 125 268 436 704]
Best Params: {'max_features': 'auto', 'n_estimators': 700}
Validation Accuracy: 0.6268
Test Accuracy: 0.6325
Report:
              precision    recall  f1-score   support

        AGN     0.6533    0.6950    0.6735       141
     Blazar     0.6087    0.3636    0.4553        77
         CV     0.7404    0.6744    0.7059       258
      Flare     0.6579    0.4032    0.5000        62
        HPM     0.9265    0.9545    0.9403       132
      Other     0.4375    0.3271    0.3743       214
         SN     0.5527    0.7428    0.6338       346

avg / total     0.6325    0.6325    0.6233      1230
Confusion Matrix:
 [[ 98   4   2   4   0  23  10]
 [  9  28  16   0   0   8  16]
 [  4   3 174   1   1  12  63]
 [  1   0   2  25   1   7  26]
 [  1   0   0   1 126   0   4]
 [ 28   7  13   4   3  70  89]
 [  9   4  28   3   5  40 257]]
Normalized Confusion Matrix:
 [[ 69.5    2.84   1.42   2.84   0.    16.31   7.09]
 [ 11.69  36.36  20.78   0.     0.    10.39  20.78]
 [  1.55   1.16  67.44   0.39   0.39   4.65  24.42]
 [  1.61   0.     3.23  40.32   1.61  11.29  41.94]
 [  0.76   0.     0.     0.76  95.45   0.     3.03]
 [ 13.08   3.27   6.07   1.87   1.4   32.71  41.59]
 [  2.6    1.16   8.09   0.87   1.45  11.56  74.28]]