Train Shapes (X, y):  (2765, 21), (2765,)
Test Shapes (X, y):  (1362, 21), (1362,)
Unique classes: ['AGN' 'Blazar' 'CV' 'Flare' 'HPM' 'Non-Transient' 'SN']
Unique count: [285 155 524 125 268 704 704]
Best Params: {'max_features': 'auto', 'n_estimators': 200}
Validation Accuracy: 0.6901
Test Accuracy: 0.7085
Report:
                precision    recall  f1-score   support

          AGN     0.7760    0.6879    0.7293       141
       Blazar     0.7561    0.4026    0.5254        77
           CV     0.7807    0.6899    0.7325       258
        Flare     0.5862    0.2742    0.3736        62
          HPM     0.9407    0.8409    0.8880       132
Non-Transient     0.6614    0.8410    0.7405       346
           SN     0.6299    0.6936    0.6602       346

  avg / total     0.7169    0.7085    0.7029      1362
Confusion Matrix:
 [[ 97   4   3   2   0  17  18]
 [ 11  31  17   0   0   2  16]
 [  3   4 178   1   0   8  64]
 [  0   0   2  17   0  34   9]
 [  1   0   0   0 111  20   0]
 [  8   0   2   5   6 291  34]
 [  5   2  26   4   1  68 240]]
Normalized Confusion Matrix:
 [[ 68.79   2.84   2.13   1.42   0.    12.06  12.77]
 [ 14.29  40.26  22.08   0.     0.     2.6   20.78]
 [  1.16   1.55  68.99   0.39   0.     3.1   24.81]
 [  0.     0.     3.23  27.42   0.    54.84  14.52]
 [  0.76   0.     0.     0.    84.09  15.15   0.  ]
 [  2.31   0.     0.58   1.45   1.73  84.1    9.83]
 [  1.45   0.58   7.51   1.16   0.29  19.65  69.36]]