Train Shapes (X, y):  (2497, 21), (2497,)
Test Shapes (X, y):  (1230, 21), (1230,)
Unique classes: ['AGN' 'Blazar' 'CV' 'Flare' 'HPM' 'Other' 'SN']
Unique count: [285 155 524 125 268 436 704]
Best Params: {'C': 10, 'kernel': 'rbf', 'gamma': 0.1}
Validation Accuracy: 0.5591
Test Accuracy: 0.5919
Report:
              precision    recall  f1-score   support

        AGN     0.5163    0.7872    0.6236       141
     Blazar     0.3689    0.4935    0.4222        77
         CV     0.6822    0.6822    0.6822       258
      Flare     0.4828    0.6774    0.5638        62
        HPM     0.9380    0.9167    0.9272       132
      Other     0.4224    0.3178    0.3627       214
         SN     0.6209    0.4971    0.5522       346

avg / total     0.5985    0.5919    0.5874      1230
Confusion Matrix:
 [[111   7   2   5   0  13   3]
 [ 16  38   9   1   0   5   8]
 [  6  17 176   3   1  13  42]
 [  6   0   3  42   1   4   6]
 [  0   0   5   1 121   4   1]
 [ 45  22  14  18   2  68  45]
 [ 31  19  49  17   4  54 172]]
Normalized Confusion Matrix:
 [[ 78.72   4.96   1.42   3.55   0.     9.22   2.13]
 [ 20.78  49.35  11.69   1.3    0.     6.49  10.39]
 [  2.33   6.59  68.22   1.16   0.39   5.04  16.28]
 [  9.68   0.     4.84  67.74   1.61   6.45   9.68]
 [  0.     0.     3.79   0.76  91.67   3.03   0.76]
 [ 21.03  10.28   6.54   8.41   0.93  31.78  21.03]
 [  8.96   5.49  14.16   4.91   1.16  15.61  49.71]]