Train Shapes (X, y):  (2497, 31), (2497,)
Test Shapes (X, y):  (1230, 31), (1230,)
Unique classes: ['AGN' 'Blazar' 'CV' 'Flare' 'HPM' 'Other' 'SN']
Unique count: [285 155 524 125 268 436 704]
Best Params: {'C': 10, 'kernel': 'rbf', 'gamma': 0.1}
Validation Accuracy: 0.5647
Test Accuracy: 0.5943
Report:
              precision    recall  f1-score   support

        AGN     0.5163    0.7872    0.6236       141
     Blazar     0.3689    0.4935    0.4222        77
         CV     0.6822    0.6822    0.6822       258
      Flare     0.4943    0.6935    0.5772        62
        HPM     0.9380    0.9167    0.9272       132
      Other     0.4132    0.3224    0.3622       214
         SN     0.6384    0.5000    0.5608       346

avg / total     0.6024    0.5943    0.5904      1230
Confusion Matrix:
 [[111   7   2   5   0  14   2]
 [ 14  38  10   1   0   7   7]
 [  7  17 176   3   1  16  38]
 [  5   0   3  43   1   4   6]
 [  0   0   5   1 121   4   1]
 [ 46  21  14  18   2  69  44]
 [ 32  20  48  16   4  53 173]]
Normalized Confusion Matrix:
 [[ 78.72   4.96   1.42   3.55   0.     9.93   1.42]
 [ 18.18  49.35  12.99   1.3    0.     9.09   9.09]
 [  2.71   6.59  68.22   1.16   0.39   6.2   14.73]
 [  8.06   0.     4.84  69.35   1.61   6.45   9.68]
 [  0.     0.     3.79   0.76  91.67   3.03   0.76]
 [ 21.5    9.81   6.54   8.41   0.93  32.24  20.56]
 [  9.25   5.78  13.87   4.62   1.16  15.32  50.  ]]