Train Shapes (X, y):  (2937, 27), (2937,)
Test Shapes (X, y):  (1447, 27), (1447,)
Unique classes: ['AGN' 'Blazar' 'CV' 'Flare' 'HPM' 'Other' 'SN']
Unique count: [286 159 577 139 276 632 868]
Best Params: {'max_features': 'auto', 'n_estimators': 200}
Validation Accuracy: 0.6272
Test Accuracy: 0.6531
Report:
              precision    recall  f1-score   support

        AGN     0.6906    0.6809    0.6857       141
     Blazar     0.5577    0.3718    0.4462        78
         CV     0.7549    0.6702    0.7100       285
      Flare     0.7632    0.4265    0.5472        68
        HPM     0.9624    0.9412    0.9517       136
      Other     0.5517    0.4615    0.5026       312
         SN     0.5744    0.7681    0.6573       427

avg / total     0.6608    0.6531    0.6482      1447
Confusion Matrix:
 [[ 96   6   0   1   0  26  12]
 [ 10  29  11   0   0  11  17]
 [  1   5 191   2   0  15  71]
 [  1   0   4  29   3   6  25]
 [  0   0   0   1 128   2   5]
 [ 26   7  20   1   1 144 113]
 [  5   5  27   4   1  57 328]]
Normalized Confusion Matrix:
 [[ 68.09   4.26   0.     0.71   0.    18.44   8.51]
 [ 12.82  37.18  14.1    0.     0.    14.1   21.79]
 [  0.35   1.75  67.02   0.7    0.     5.26  24.91]
 [  1.47   0.     5.88  42.65   4.41   8.82  36.76]
 [  0.     0.     0.     0.74  94.12   1.47   3.68]
 [  8.33   2.24   6.41   0.32   0.32  46.15  36.22]
 [  1.17   1.17   6.32   0.94   0.23  13.35  76.81]]