Train Shapes (X, y):  (3172, 31), (3172,)
Test Shapes (X, y):  (1563, 31), (1563,)
Unique classes: ['AGN' 'Blazar' 'CV' 'Flare' 'HPM' 'Non-Transient' 'SN']
Unique count: [286 159 577 139 276 867 868]
Best Params: {'C': 1000, 'kernel': 'rbf', 'gamma': 0.01}
Validation Accuracy: 0.6176
Test Accuracy: 0.6398
Report:
                precision    recall  f1-score   support

          AGN     0.5759    0.7801    0.6627       141
       Blazar     0.3613    0.5513    0.4365        78
           CV     0.6739    0.6526    0.6631       285
        Flare     0.2687    0.5294    0.3564        68
          HPM     0.7877    0.8456    0.8156       136
Non-Transient     0.7600    0.6659    0.7098       428
           SN     0.6988    0.5269    0.6008       427

  avg / total     0.6721    0.6398    0.6475      1563
Confusion Matrix:
 [[110  11   3   6   0   7   4]
 [ 11  43  10   0   1   4   9]
 [  9  23 186   9   0   8  50]
 [  1   2   6  36   1  12  10]
 [  0   0   6   1 115  13   1]
 [ 30   2  12  55  21 285  23]
 [ 30  38  53  27   8  46 225]]
Normalized Confusion Matrix:
 [[ 78.01   7.8    2.13   4.26   0.     4.96   2.84]
 [ 14.1   55.13  12.82   0.     1.28   5.13  11.54]
 [  3.16   8.07  65.26   3.16   0.     2.81  17.54]
 [  1.47   2.94   8.82  52.94   1.47  17.65  14.71]
 [  0.     0.     4.41   0.74  84.56   9.56   0.74]
 [  7.01   0.47   2.8   12.85   4.91  66.59   5.37]
 [  7.03   8.9   12.41   6.32   1.87  10.77  52.69]]