Train Shapes (X, y):  (2765, 31), (2765,)
Test Shapes (X, y):  (1362, 31), (1362,)
Unique classes: ['AGN' 'Blazar' 'CV' 'Flare' 'HPM' 'Non-Transient' 'SN']
Unique count: [285 155 524 125 268 704 704]
Best Params: {'C': 1000, 'kernel': 'rbf', 'gamma': 0.01}
Validation Accuracy: 0.6322
Test Accuracy: 0.6446
Report:
                precision    recall  f1-score   support

          AGN     0.5810    0.7376    0.6500       141
       Blazar     0.3667    0.5714    0.4467        77
           CV     0.6980    0.6899    0.6940       258
        Flare     0.3241    0.5645    0.4118        62
          HPM     0.8382    0.8636    0.8507       132
Non-Transient     0.7047    0.6965    0.7006       346
           SN     0.7297    0.4682    0.5704       346

  avg / total     0.6735    0.6446    0.6481      1362
Confusion Matrix:
 [[104  16   0   5   0  12   4]
 [ 11  44  13   1   1   1   6]
 [ 11  26 178   2   2   3  36]
 [  1   1   3  35   0  21   1]
 [  1   0   0   2 114  15   0]
 [ 24   0   9  45  14 241  13]
 [ 27  33  52  18   5  49 162]]
Normalized Confusion Matrix:
 [[ 73.76  11.35   0.     3.55   0.     8.51   2.84]
 [ 14.29  57.14  16.88   1.3    1.3    1.3    7.79]
 [  4.26  10.08  68.99   0.78   0.78   1.16  13.95]
 [  1.61   1.61   4.84  56.45   0.    33.87   1.61]
 [  0.76   0.     0.     1.52  86.36  11.36   0.  ]
 [  6.94   0.     2.6   13.01   4.05  69.65   3.76]
 [  7.8    9.54  15.03   5.2    1.45  14.16  46.82]]