Train Shapes (X, y):  (2765, 27), (2765,)
Test Shapes (X, y):  (1362, 27), (1362,)
Unique classes: ['AGN' 'Blazar' 'CV' 'Flare' 'HPM' 'Non-Transient' 'SN']
Unique count: [285 155 524 125 268 704 704]
Best Params: {'hidden_layer_sizes': (100, 100), 'activation': 'relu', 'alpha': 0.001, 'learning_rate': 'constant'}
Validation Accuracy: 0.6499
Test Accuracy: 0.6975
Report:
                precision    recall  f1-score   support

          AGN     0.6643    0.6738    0.6690       141
       Blazar     0.6757    0.3247    0.4386        77
           CV     0.7900    0.6705    0.7254       258
        Flare     0.5161    0.2581    0.3441        62
          HPM     0.8636    0.8636    0.8636       132
Non-Transient     0.6690    0.8179    0.7360       346
           SN     0.6472    0.7052    0.6750       346

  avg / total     0.6982    0.6975    0.6893      1362
Confusion Matrix:
 [[ 95   5   1   2   0  22  16]
 [ 13  25  18   0   0   1  20]
 [  8   6 173   2   1   7  61]
 [  2   0   1  16   0  36   7]
 [  1   0   0   0 114  17   0]
 [ 11   0   2   8  13 283  29]
 [ 13   1  24   3   4  57 244]]
Normalized Confusion Matrix:
 [[ 67.38   3.55   0.71   1.42   0.    15.6   11.35]
 [ 16.88  32.47  23.38   0.     0.     1.3   25.97]
 [  3.1    2.33  67.05   0.78   0.39   2.71  23.64]
 [  3.23   0.     1.61  25.81   0.    58.06  11.29]
 [  0.76   0.     0.     0.    86.36  12.88   0.  ]
 [  3.18   0.     0.58   2.31   3.76  81.79   8.38]
 [  3.76   0.29   6.94   0.87   1.16  16.47  70.52]]