Train Shapes (X, y):  (2937, 31), (2937,)
Test Shapes (X, y):  (1447, 31), (1447,)
Unique classes: ['AGN' 'Blazar' 'CV' 'Flare' 'HPM' 'Other' 'SN']
Unique count: [286 159 577 139 276 632 868]
Best Params: {'C': 10, 'kernel': 'rbf', 'gamma': 0.1}
Validation Accuracy: 0.5305
Test Accuracy: 0.5736
Report:
              precision    recall  f1-score   support

        AGN     0.4915    0.8227    0.6154       141
     Blazar     0.3786    0.5000    0.4309        78
         CV     0.6654    0.5930    0.6271       285
      Flare     0.4176    0.5588    0.4780        68
        HPM     0.9398    0.9191    0.9294       136
      Other     0.4710    0.4167    0.4422       312
         SN     0.6017    0.4988    0.5455       427

avg / total     0.5864    0.5736    0.5728      1447
Confusion Matrix:
 [[116   6   1   5   0  11   2]
 [ 17  39   8   1   0   7   6]
 [  7  16 169   8   0  31  54]
 [  5   0   5  38   3   9   8]
 [  0   0   0   3 125   6   2]
 [ 57  15  22  18   1 130  69]
 [ 34  27  49  18   4  82 213]]
Normalized Confusion Matrix:
 [[ 82.27   4.26   0.71   3.55   0.     7.8    1.42]
 [ 21.79  50.    10.26   1.28   0.     8.97   7.69]
 [  2.46   5.61  59.3    2.81   0.    10.88  18.95]
 [  7.35   0.     7.35  55.88   4.41  13.24  11.76]
 [  0.     0.     0.     2.21  91.91   4.41   1.47]
 [ 18.27   4.81   7.05   5.77   0.32  41.67  22.12]
 [  7.96   6.32  11.48   4.22   0.94  19.2   49.88]]