Train Shapes (X, y):  (2497, 31), (2497,)
Test Shapes (X, y):  (1230, 31), (1230,)
Unique classes: ['AGN' 'Blazar' 'CV' 'Flare' 'HPM' 'Other' 'SN']
Unique count: [285 155 524 125 268 436 704]
Best Params: {'max_features': 'auto', 'n_estimators': 700}
Validation Accuracy: 0.6548
Test Accuracy: 0.6602
Report:
              precision    recall  f1-score   support

        AGN     0.7463    0.7092    0.7273       141
     Blazar     0.5510    0.3506    0.4286        77
         CV     0.7628    0.7481    0.7554       258
      Flare     0.6667    0.3871    0.4898        62
        HPM     0.9209    0.9697    0.9446       132
      Other     0.4815    0.3645    0.4149       214
         SN     0.5733    0.7572    0.6526       346

avg / total     0.6575    0.6602    0.6505      1230
Confusion Matrix:
 [[100   5   1   1   0  19  15]
 [ 10  27  16   0   0   8  16]
 [  2   4 193   1   2  10  46]
 [  1   0   2  24   1   5  29]
 [  1   0   0   1 128   0   2]
 [ 19   8  15   4   3  78  87]
 [  1   5  26   5   5  42 262]]
Normalized Confusion Matrix:
 [[ 70.92   3.55   0.71   0.71   0.    13.48  10.64]
 [ 12.99  35.06  20.78   0.     0.    10.39  20.78]
 [  0.78   1.55  74.81   0.39   0.78   3.88  17.83]
 [  1.61   0.     3.23  38.71   1.61   8.06  46.77]
 [  0.76   0.     0.     0.76  96.97   0.     1.52]
 [  8.88   3.74   7.01   1.87   1.4   36.45  40.65]
 [  0.29   1.45   7.51   1.45   1.45  12.14  75.72]]