Train Shapes (X, y):  (3172, 27), (3172,)
Test Shapes (X, y):  (1563, 27), (1563,)
Unique classes: ['AGN' 'Blazar' 'CV' 'Flare' 'HPM' 'Non-Transient' 'SN']
Unique count: [286 159 577 139 276 867 868]
Best Params: {'hidden_layer_sizes': (100, 100), 'activation': 'relu', 'alpha': 0.01, 'learning_rate': 'constant'}
Validation Accuracy: 0.6362
Test Accuracy: 0.6763
Report:
                precision    recall  f1-score   support

          AGN     0.6963    0.6667    0.6812       141
       Blazar     0.6061    0.2564    0.3604        78
           CV     0.6923    0.6316    0.6606       285
        Flare     0.6452    0.2941    0.4040        68
          HPM     0.8626    0.8309    0.8464       136
Non-Transient     0.6565    0.8084    0.7246       428
           SN     0.6368    0.6651    0.6506       427

  avg / total     0.6762    0.6763    0.6673      1563
Confusion Matrix:
 [[ 94   2   1   2   0  27  15]
 [ 13  20  20   0   0   7  18]
 [  5   7 180   3   0  19  71]
 [  1   0   7  20   0  25  15]
 [  0   0   0   0 113  23   0]
 [ 10   1   6   5  17 346  43]
 [ 12   3  46   1   1  80 284]]
Normalized Confusion Matrix:
 [[ 66.67   1.42   0.71   1.42   0.    19.15  10.64]
 [ 16.67  25.64  25.64   0.     0.     8.97  23.08]
 [  1.75   2.46  63.16   1.05   0.     6.67  24.91]
 [  1.47   0.    10.29  29.41   0.    36.76  22.06]
 [  0.     0.     0.     0.    83.09  16.91   0.  ]
 [  2.34   0.23   1.4    1.17   3.97  80.84  10.05]
 [  2.81   0.7   10.77   0.23   0.23  18.74  66.51]]