Train Shapes (X, y):  (3172, 21), (3172,)
Test Shapes (X, y):  (1563, 21), (1563,)
Unique classes: ['AGN' 'Blazar' 'CV' 'Flare' 'HPM' 'Non-Transient' 'SN']
Unique count: [286 159 577 139 276 867 868]
Best Params: {'C': 1000, 'kernel': 'rbf', 'gamma': 0.1}
Validation Accuracy: 0.6066
Test Accuracy: 0.6379
Report:
                precision    recall  f1-score   support

          AGN     0.5421    0.8227    0.6535       141
       Blazar     0.3629    0.5769    0.4455        78
           CV     0.7534    0.5895    0.6614       285
        Flare     0.2938    0.6912    0.4123        68
          HPM     0.7712    0.8676    0.8166       136
Non-Transient     0.7547    0.6542    0.7009       428
           SN     0.7013    0.5222    0.5987       427

  avg / total     0.6825    0.6379    0.6463      1563
Confusion Matrix:
 [[116   9   0   7   0   7   2]
 [ 15  45   5   1   1   3   8]
 [ 10  28 168  10   1   7  61]
 [  3   0   3  47   1   9   5]
 [  0   0   0   4 118  14   0]
 [ 40   2   5  57  25 280  19]
 [ 30  40  42  34   7  51 223]]
Normalized Confusion Matrix:
 [[ 82.27   6.38   0.     4.96   0.     4.96   1.42]
 [ 19.23  57.69   6.41   1.28   1.28   3.85  10.26]
 [  3.51   9.82  58.95   3.51   0.35   2.46  21.4 ]
 [  4.41   0.     4.41  69.12   1.47  13.24   7.35]
 [  0.     0.     0.     2.94  86.76  10.29   0.  ]
 [  9.35   0.47   1.17  13.32   5.84  65.42   4.44]
 [  7.03   9.37   9.84   7.96   1.64  11.94  52.22]]