Train Shapes (X, y):  (2497, 31), (2497,)
Test Shapes (X, y):  (1230, 31), (1230,)
Unique classes: ['AGN' 'Blazar' 'CV' 'Flare' 'HPM' 'Other' 'SN']
Unique count: [285 155 524 125 268 436 704]
Best Params: {'hidden_layer_sizes': (100, 100), 'activation': 'relu', 'alpha': 0.01, 'learning_rate': 'constant'}
Validation Accuracy: 0.5607
Test Accuracy: 0.5870
Report:
              precision    recall  f1-score   support

        AGN     0.5674    0.7163    0.6332       141
     Blazar     0.6000    0.0779    0.1379        77
         CV     0.7067    0.6163    0.6584       258
      Flare     0.5294    0.2903    0.3750        62
        HPM     0.9466    0.9394    0.9430       132
      Other     0.3645    0.1822    0.2430       214
         SN     0.5046    0.7948    0.6173       346

avg / total     0.5845    0.5870    0.5553      1230
Confusion Matrix:
 [[101   1   1   3   0  18  17]
 [ 10   6  18   0   0  16  27]
 [  4   2 159   6   0   8  79]
 [  9   0   4  18   2   3  26]
 [  1   0   0   0 124   0   7]
 [ 37   0  18   4   2  39 114]
 [ 16   1  25   3   3  23 275]]
Normalized Confusion Matrix:
 [[ 71.63   0.71   0.71   2.13   0.    12.77  12.06]
 [ 12.99   7.79  23.38   0.     0.    20.78  35.06]
 [  1.55   0.78  61.63   2.33   0.     3.1   30.62]
 [ 14.52   0.     6.45  29.03   3.23   4.84  41.94]
 [  0.76   0.     0.     0.    93.94   0.     5.3 ]
 [ 17.29   0.     8.41   1.87   0.93  18.22  53.27]
 [  4.62   0.29   7.23   0.87   0.87   6.65  79.48]]