Train Shapes (X, y):  (2497, 21), (2497,)
Test Shapes (X, y):  (1230, 21), (1230,)
Unique classes: ['AGN' 'Blazar' 'CV' 'Flare' 'HPM' 'Other' 'SN']
Unique count: [285 155 524 125 268 436 704]
Best Params: {'C': 1000, 'kernel': 'rbf', 'gamma': 0.1}
Validation Accuracy: 0.5419
Test Accuracy: 0.5715
Report:
              precision    recall  f1-score   support

        AGN     0.5339    0.8369    0.6519       141
     Blazar     0.3139    0.5584    0.4019        77
         CV     0.7596    0.6124    0.6781       258
      Flare     0.4706    0.7742    0.5854        62
        HPM     0.9185    0.9394    0.9288       132
      Other     0.3478    0.2991    0.3216       214
         SN     0.6091    0.4277    0.5025       346

avg / total     0.5943    0.5715    0.5686      1230
Confusion Matrix:
 [[118   5   0   5   0  12   1]
 [ 14  43   7   1   0   7   5]
 [  7  28 158   4   1  19  41]
 [  8   0   1  48   0   5   0]
 [  1   0   1   1 124   1   4]
 [ 43  28  11  22   2  64  44]
 [ 30  33  30  21   8  76 148]]
Normalized Confusion Matrix:
 [[ 83.69   3.55   0.     3.55   0.     8.51   0.71]
 [ 18.18  55.84   9.09   1.3    0.     9.09   6.49]
 [  2.71  10.85  61.24   1.55   0.39   7.36  15.89]
 [ 12.9    0.     1.61  77.42   0.     8.06   0.  ]
 [  0.76   0.     0.76   0.76  93.94   0.76   3.03]
 [ 20.09  13.08   5.14  10.28   0.93  29.91  20.56]
 [  8.67   9.54   8.67   6.07   2.31  21.97  42.77]]