Train Shapes (X, y):  (2765, 31), (2765,)
Test Shapes (X, y):  (1362, 31), (1362,)
Unique classes: ['AGN' 'Blazar' 'CV' 'Flare' 'HPM' 'Non-Transient' 'SN']
Unique count: [285 155 524 125 268 704 704]
Best Params: {'hidden_layer_sizes': 100, 'activation': 'relu', 'alpha': 0.01, 'learning_rate': 'constant'}
Validation Accuracy: 0.6325
Test Accuracy: 0.6733
Report:
                precision    recall  f1-score   support

          AGN     0.5616    0.8085    0.6628       141
       Blazar     0.6667    0.2857    0.4000        77
           CV     0.7359    0.6589    0.6953       258
        Flare     0.4286    0.1935    0.2667        62
          HPM     0.8548    0.8030    0.8281       132
Non-Transient     0.6658    0.7370    0.6996       346
           SN     0.6611    0.6879    0.6742       346

  avg / total     0.6747    0.6733    0.6643      1362
Confusion Matrix:
 [[114   2   1   3   0  12   9]
 [ 17  22  21   0   0   0  17]
 [  9   7 170   3   2   6  61]
 [  4   0   5  12   0  36   5]
 [  1   0   0   0 106  25   0]
 [ 32   0   7   7  15 255  30]
 [ 26   2  27   3   1  49 238]]
Normalized Confusion Matrix:
 [[ 80.85   1.42   0.71   2.13   0.     8.51   6.38]
 [ 22.08  28.57  27.27   0.     0.     0.    22.08]
 [  3.49   2.71  65.89   1.16   0.78   2.33  23.64]
 [  6.45   0.     8.06  19.35   0.    58.06   8.06]
 [  0.76   0.     0.     0.    80.3   18.94   0.  ]
 [  9.25   0.     2.02   2.02   4.34  73.7    8.67]
 [  7.51   0.58   7.8    0.87   0.29  14.16  68.79]]