Train Shapes (X, y):  (3172, 21), (3172,)
Test Shapes (X, y):  (1563, 21), (1563,)
Unique classes: ['AGN' 'Blazar' 'CV' 'Flare' 'HPM' 'Non-Transient' 'SN']
Unique count: [286 159 577 139 276 867 868]
Best Params: {'hidden_layer_sizes': (100, 100), 'activation': 'relu', 'alpha': 0.01, 'learning_rate': 'constant'}
Validation Accuracy: 0.6195
Test Accuracy: 0.6609
Report:
                precision    recall  f1-score   support

          AGN     0.6593    0.6312    0.6449       141
       Blazar     0.6154    0.2051    0.3077        78
           CV     0.7215    0.6000    0.6552       285
        Flare     0.6452    0.2941    0.4040        68
          HPM     0.8444    0.8382    0.8413       136
Non-Transient     0.6725    0.7196    0.6953       428
           SN     0.5823    0.7377    0.6508       427

  avg / total     0.6665    0.6609    0.6520      1563
Confusion Matrix:
 [[ 89   2   2   2   0  21  25]
 [ 10  16  18   0   0   4  30]
 [  4   5 171   4   0  16  85]
 [  2   0   4  20   0  25  17]
 [  0   0   0   0 114  22   0]
 [ 21   0   5   5  20 308  69]
 [  9   3  37   0   1  62 315]]
Normalized Confusion Matrix:
 [[ 63.12   1.42   1.42   1.42   0.    14.89  17.73]
 [ 12.82  20.51  23.08   0.     0.     5.13  38.46]
 [  1.4    1.75  60.     1.4    0.     5.61  29.82]
 [  2.94   0.     5.88  29.41   0.    36.76  25.  ]
 [  0.     0.     0.     0.    83.82  16.18   0.  ]
 [  4.91   0.     1.17   1.17   4.67  71.96  16.12]
 [  2.11   0.7    8.67   0.     0.23  14.52  73.77]]