Train Shapes (X, y):  (2765, 21), (2765,)
Test Shapes (X, y):  (1362, 21), (1362,)
Unique classes: ['AGN' 'Blazar' 'CV' 'Flare' 'HPM' 'Non-Transient' 'SN']
Unique count: [285 155 524 125 268 704 704]
Best Params: {'C': 100, 'kernel': 'rbf', 'gamma': 0.01}
Validation Accuracy: 0.6271
Test Accuracy: 0.6659
Report:
                precision    recall  f1-score   support

          AGN     0.5855    0.8014    0.6766       141
       Blazar     0.4091    0.5844    0.4813        77
           CV     0.7313    0.6434    0.6845       258
        Flare     0.3645    0.6290    0.4615        62
          HPM     0.8923    0.8788    0.8855       132
Non-Transient     0.7318    0.7254    0.7286       346
           SN     0.7024    0.5116    0.5920       346

  avg / total     0.6897    0.6659    0.6692      1362
Confusion Matrix:
 [[113   8   2   5   0  12   1]
 [ 14  45   9   1   0   1   7]
 [ 11  23 166   3   1   5  49]
 [  2   1   0  39   0  20   0]
 [  1   0   0   2 116  13   0]
 [ 23   1   7  35  11 251  18]
 [ 29  32  43  22   2  41 177]]
Normalized Confusion Matrix:
 [[ 80.14   5.67   1.42   3.55   0.     8.51   0.71]
 [ 18.18  58.44  11.69   1.3    0.     1.3    9.09]
 [  4.26   8.91  64.34   1.16   0.39   1.94  18.99]
 [  3.23   1.61   0.    62.9    0.    32.26   0.  ]
 [  0.76   0.     0.     1.52  87.88   9.85   0.  ]
 [  6.65   0.29   2.02  10.12   3.18  72.54   5.2 ]
 [  8.38   9.25  12.43   6.36   0.58  11.85  51.16]]