Train Shapes (X, y):  (2497, 27), (2497,)
Test Shapes (X, y):  (1230, 27), (1230,)
Unique classes: ['AGN' 'Blazar' 'CV' 'Flare' 'HPM' 'Other' 'SN']
Unique count: [285 155 524 125 268 436 704]
Best Params: {'max_features': 'auto', 'n_estimators': 200}
Validation Accuracy: 0.6604
Test Accuracy: 0.6691
Report:
              precision    recall  f1-score   support

        AGN     0.7652    0.7163    0.7399       141
     Blazar     0.5652    0.3377    0.4228        77
         CV     0.7720    0.7481    0.7598       258
      Flare     0.6923    0.4355    0.5347        62
        HPM     0.9275    0.9697    0.9481       132
      Other     0.4699    0.3645    0.4105       214
         SN     0.5882    0.7803    0.6708       346

avg / total     0.6667    0.6691    0.6595      1230
Confusion Matrix:
 [[101   4   1   0   0  22  13]
 [  9  26  15   0   0  11  16]
 [  1   4 193   1   2  13  44]
 [  1   0   3  27   1   5  25]
 [  1   0   0   1 128   0   2]
 [ 19   7  13   5   3  78  89]
 [  0   5  25   5   4  37 270]]
Normalized Confusion Matrix:
 [[ 71.63   2.84   0.71   0.     0.    15.6    9.22]
 [ 11.69  33.77  19.48   0.     0.    14.29  20.78]
 [  0.39   1.55  74.81   0.39   0.78   5.04  17.05]
 [  1.61   0.     4.84  43.55   1.61   8.06  40.32]
 [  0.76   0.     0.     0.76  96.97   0.     1.52]
 [  8.88   3.27   6.07   2.34   1.4   36.45  41.59]
 [  0.     1.45   7.23   1.45   1.16  10.69  78.03]]