Train Shapes (X, y):  (2497, 27), (2497,)
Test Shapes (X, y):  (1230, 27), (1230,)
Unique classes: ['AGN' 'Blazar' 'CV' 'Flare' 'HPM' 'Other' 'SN']
Unique count: [285 155 524 125 268 436 704]
Best Params: {'hidden_layer_sizes': 100, 'activation': 'relu', 'alpha': 0.1, 'learning_rate': 'constant'}
Validation Accuracy: 0.5979
Test Accuracy: 0.6220
Report:
              precision    recall  f1-score   support

        AGN     0.6012    0.7376    0.6624       141
     Blazar     0.5484    0.4416    0.4892        77
         CV     0.7287    0.6977    0.7129       258
      Flare     0.6190    0.4194    0.5000        62
        HPM     0.9398    0.9470    0.9434       132
      Other     0.3988    0.3224    0.3566       214
         SN     0.5675    0.6561    0.6086       346

avg / total     0.6172    0.6220    0.6158      1230
Confusion Matrix:
 [[104   3   2   3   0  21   8]
 [ 10  34  16   0   0   8   9]
 [  6   9 180   2   1  15  45]
 [  7   0   1  26   1   6  21]
 [  1   0   0   1 125   1   4]
 [ 29   9  14   4   3  69  86]
 [ 16   7  34   6   3  53 227]]
Normalized Confusion Matrix:
 [[ 73.76   2.13   1.42   2.13   0.    14.89   5.67]
 [ 12.99  44.16  20.78   0.     0.    10.39  11.69]
 [  2.33   3.49  69.77   0.78   0.39   5.81  17.44]
 [ 11.29   0.     1.61  41.94   1.61   9.68  33.87]
 [  0.76   0.     0.     0.76  94.7    0.76   3.03]
 [ 13.55   4.21   6.54   1.87   1.4   32.24  40.19]
 [  4.62   2.02   9.83   1.73   0.87  15.32  65.61]]