Train Shapes (X, y):  (2497, 31), (2497,)
Test Shapes (X, y):  (1230, 31), (1230,)
Unique classes: ['AGN' 'Blazar' 'CV' 'Flare' 'HPM' 'Other' 'SN']
Unique count: [285 155 524 125 268 436 704]
Best Params: {'max_features': 'log2', 'n_estimators': 700}
Validation Accuracy: 0.6588
Test Accuracy: 0.6650
Report:
              precision    recall  f1-score   support

        AGN     0.7594    0.7163    0.7372       141
     Blazar     0.5556    0.3247    0.4098        77
         CV     0.7720    0.7481    0.7598       258
      Flare     0.6923    0.4355    0.5347        62
        HPM     0.9343    0.9697    0.9517       132
      Other     0.4472    0.3364    0.3840       214
         SN     0.5849    0.7861    0.6708       346

avg / total     0.6613    0.6650    0.6541      1230
Confusion Matrix:
 [[101   4   1   0   0  24  11]
 [  9  25  14   0   0  10  19]
 [  1   4 193   2   2  15  41]
 [  1   0   2  27   1   4  27]
 [  1   0   0   1 128   0   2]
 [ 19   7  16   4   3  72  93]
 [  1   5  24   5   3  36 272]]
Normalized Confusion Matrix:
 [[ 71.63   2.84   0.71   0.     0.    17.02   7.8 ]
 [ 11.69  32.47  18.18   0.     0.    12.99  24.68]
 [  0.39   1.55  74.81   0.78   0.78   5.81  15.89]
 [  1.61   0.     3.23  43.55   1.61   6.45  43.55]
 [  0.76   0.     0.     0.76  96.97   0.     1.52]
 [  8.88   3.27   7.48   1.87   1.4   33.64  43.46]
 [  0.29   1.45   6.94   1.45   0.87  10.4   78.61]]