Train Shapes (X, y):  (2765, 27), (2765,)
Test Shapes (X, y):  (1362, 27), (1362,)
Unique classes: ['AGN' 'Blazar' 'CV' 'Flare' 'HPM' 'Non-Transient' 'SN']
Unique count: [285 155 524 125 268 704 704]
Best Params: {'max_features': 'auto', 'n_estimators': 200}
Validation Accuracy: 0.7378
Test Accuracy: 0.7731
Report:
                precision    recall  f1-score   support

          AGN     0.8346    0.7518    0.7910       141
       Blazar     0.7027    0.3377    0.4561        77
           CV     0.8122    0.7713    0.7913       258
        Flare     0.7059    0.3871    0.5000        62
          HPM     0.9512    0.8864    0.9176       132
Non-Transient     0.7273    0.9249    0.8142       346
           SN     0.7331    0.7543    0.7436       346

  avg / total     0.7753    0.7731    0.7650      1362
Confusion Matrix:
 [[106   5   3   0   0  13  14]
 [ 11  26  20   0   0   3  17]
 [  3   6 199   1   1   6  42]
 [  1   0   2  24   0  28   7]
 [  1   0   0   1 117  13   0]
 [  1   0   3   4   3 320  15]
 [  4   0  18   4   2  57 261]]
Normalized Confusion Matrix:
 [[ 75.18   3.55   2.13   0.     0.     9.22   9.93]
 [ 14.29  33.77  25.97   0.     0.     3.9   22.08]
 [  1.16   2.33  77.13   0.39   0.39   2.33  16.28]
 [  1.61   0.     3.23  38.71   0.    45.16  11.29]
 [  0.76   0.     0.     0.76  88.64   9.85   0.  ]
 [  0.29   0.     0.87   1.16   0.87  92.49   4.34]
 [  1.16   0.     5.2    1.16   0.58  16.47  75.43]]