Train Shapes (X, y):  (2937, 31), (2937,)
Test Shapes (X, y):  (1447, 31), (1447,)
Unique classes: ['AGN' 'Blazar' 'CV' 'Flare' 'HPM' 'Other' 'SN']
Unique count: [286 159 577 139 276 632 868]
Best Params: {'C': 1000, 'kernel': 'rbf', 'gamma': 0.1}
Validation Accuracy: 0.5179
Test Accuracy: 0.5480
Report:
              precision    recall  f1-score   support

        AGN     0.4737    0.8298    0.6031       141
     Blazar     0.2917    0.5385    0.3784        78
         CV     0.7189    0.5474    0.6215       285
      Flare     0.3884    0.6912    0.4974        68
        HPM     0.8993    0.9191    0.9091       136
      Other     0.4510    0.3686    0.4056       312
         SN     0.5895    0.4473    0.5087       427

avg / total     0.5774    0.5480    0.5480      1447
Confusion Matrix:
 [[117  10   0   7   0   7   0]
 [ 14  42   7   1   1   7   6]
 [ 12  25 156   9   1  29  53]
 [  4   0   3  47   3   7   4]
 [  0   0   0   7 125   2   2]
 [ 63  26  16  22   2 115  68]
 [ 37  41  35  28   7  88 191]]
Normalized Confusion Matrix:
 [[ 82.98   7.09   0.     4.96   0.     4.96   0.  ]
 [ 17.95  53.85   8.97   1.28   1.28   8.97   7.69]
 [  4.21   8.77  54.74   3.16   0.35  10.18  18.6 ]
 [  5.88   0.     4.41  69.12   4.41  10.29   5.88]
 [  0.     0.     0.     5.15  91.91   1.47   1.47]
 [ 20.19   8.33   5.13   7.05   0.64  36.86  21.79]
 [  8.67   9.6    8.2    6.56   1.64  20.61  44.73]]