Train Shapes (X, y):  (2937, 21), (2937,)
Test Shapes (X, y):  (1447, 21), (1447,)
Unique classes: ['AGN' 'Blazar' 'CV' 'Flare' 'HPM' 'Other' 'SN']
Unique count: [286 159 577 139 276 632 868]
Best Params: {'C': 1000, 'kernel': 'rbf', 'gamma': 0.1}
Validation Accuracy: 0.5203
Test Accuracy: 0.5446
Report:
              precision    recall  f1-score   support

        AGN     0.4718    0.8298    0.6015       141
     Blazar     0.2917    0.5385    0.3784        78
         CV     0.7209    0.5439    0.6200       285
      Flare     0.4068    0.7059    0.5161        68
        HPM     0.8993    0.9191    0.9091       136
      Other     0.4363    0.3622    0.3958       312
         SN     0.5802    0.4403    0.5007       427

avg / total     0.5726    0.5446    0.5439      1447
Confusion Matrix:
 [[117  10   0   7   0   7   0]
 [ 14  42   7   1   1   7   6]
 [ 12  25 155   9   1  30  53]
 [  4   0   3  48   3   6   4]
 [  0   0   0   7 125   2   2]
 [ 64  26  16  20   2 113  71]
 [ 37  41  34  26   7  94 188]]
Normalized Confusion Matrix:
 [[ 82.98   7.09   0.     4.96   0.     4.96   0.  ]
 [ 17.95  53.85   8.97   1.28   1.28   8.97   7.69]
 [  4.21   8.77  54.39   3.16   0.35  10.53  18.6 ]
 [  5.88   0.     4.41  70.59   4.41   8.82   5.88]
 [  0.     0.     0.     5.15  91.91   1.47   1.47]
 [ 20.51   8.33   5.13   6.41   0.64  36.22  22.76]
 [  8.67   9.6    7.96   6.09   1.64  22.01  44.03]]