Train Shapes (X, y):  (3172, 27), (3172,)
Test Shapes (X, y):  (1563, 27), (1563,)
Unique classes: ['AGN' 'Blazar' 'CV' 'Flare' 'HPM' 'Non-Transient' 'SN']
Unique count: [286 159 577 139 276 867 868]
Best Params: {'C': 100, 'kernel': 'rbf', 'gamma': 0.01}
Validation Accuracy: 0.6176
Test Accuracy: 0.6468
Report:
                precision    recall  f1-score   support

          AGN     0.5700    0.8085    0.6686       141
       Blazar     0.3651    0.5897    0.4510        78
           CV     0.7194    0.6386    0.6766       285
        Flare     0.2867    0.6029    0.3886        68
          HPM     0.7891    0.8529    0.8198       136
Non-Transient     0.7386    0.6799    0.7080       428
           SN     0.7367    0.5176    0.6080       427

  avg / total     0.6854    0.6468    0.6544      1563
Confusion Matrix:
 [[114  10   0   6   0   9   2]
 [ 13  46   7   1   0   4   7]
 [  8  27 182   8   0   9  51]
 [  1   1   3  41   1  13   8]
 [  0   0   2   3 116  15   0]
 [ 36   1   9  56  24 291  11]
 [ 28  41  50  28   6  53 221]]
Normalized Confusion Matrix:
 [[ 80.85   7.09   0.     4.26   0.     6.38   1.42]
 [ 16.67  58.97   8.97   1.28   0.     5.13   8.97]
 [  2.81   9.47  63.86   2.81   0.     3.16  17.89]
 [  1.47   1.47   4.41  60.29   1.47  19.12  11.76]
 [  0.     0.     1.47   2.21  85.29  11.03   0.  ]
 [  8.41   0.23   2.1   13.08   5.61  67.99   2.57]
 [  6.56   9.6   11.71   6.56   1.41  12.41  51.76]]