Train Shapes (X, y):  (2937, 27), (2937,)
Test Shapes (X, y):  (1447, 27), (1447,)
Unique classes: ['AGN' 'Blazar' 'CV' 'Flare' 'HPM' 'Other' 'SN']
Unique count: [286 159 577 139 276 632 868]
Best Params: {'hidden_layer_sizes': 100, 'activation': 'relu', 'alpha': 0.1, 'learning_rate': 'constant'}
Validation Accuracy: 0.5758
Test Accuracy: 0.6006
Report:
              precision    recall  f1-score   support

        AGN     0.5517    0.6809    0.6095       141
     Blazar     0.5882    0.3846    0.4651        78
         CV     0.6858    0.6281    0.6557       285
      Flare     0.6316    0.3529    0.4528        68
        HPM     0.9291    0.9632    0.9458       136
      Other     0.4943    0.4135    0.4503       312
         SN     0.5374    0.6557    0.5907       427

avg / total     0.6027    0.6006    0.5952      1447
Confusion Matrix:
 [[ 96   3   3   2   0  24  13]
 [  8  30  12   0   0  11  17]
 [  7   8 179   4   0  22  65]
 [  4   0   6  24   3   6  25]
 [  0   0   0   1 131   0   4]
 [ 37   7  18   2   2 129 117]
 [ 22   3  43   5   5  69 280]]
Normalized Confusion Matrix:
 [[ 68.09   2.13   2.13   1.42   0.    17.02   9.22]
 [ 10.26  38.46  15.38   0.     0.    14.1   21.79]
 [  2.46   2.81  62.81   1.4    0.     7.72  22.81]
 [  5.88   0.     8.82  35.29   4.41   8.82  36.76]
 [  0.     0.     0.     0.74  96.32   0.     2.94]
 [ 11.86   2.24   5.77   0.64   0.64  41.35  37.5 ]
 [  5.15   0.7   10.07   1.17   1.17  16.16  65.57]]