Train Shapes (X, y):  (3172, 21), (3172,)
Test Shapes (X, y):  (1563, 21), (1563,)
Unique classes: ['AGN' 'Blazar' 'CV' 'Flare' 'HPM' 'Non-Transient' 'SN']
Unique count: [286 159 577 139 276 867 868]
Best Params: {'max_features': 'auto', 'n_estimators': 200}
Validation Accuracy: 0.6892
Test Accuracy: 0.7063
Report:
                precision    recall  f1-score   support

          AGN     0.7424    0.6950    0.7179       141
       Blazar     0.6444    0.3718    0.4715        78
           CV     0.7205    0.6421    0.6790       285
        Flare     0.7000    0.3088    0.4286        68
          HPM     0.9106    0.8235    0.8649       136
Non-Transient     0.7018    0.8411    0.7651       428
           SN     0.6459    0.7049    0.6741       427

  avg / total     0.7088    0.7063    0.6997      1563
Confusion Matrix:
 [[ 98   5   4   0   0  19  15]
 [ 10  29  14   0   0   5  20]
 [  3   7 183   2   0  14  76]
 [  2   0   6  21   1  25  13]
 [  0   0   0   0 112  21   3]
 [ 11   0   6   3  10 360  38]
 [  8   4  41   4   0  69 301]]
Normalized Confusion Matrix:
 [[ 69.5    3.55   2.84   0.     0.    13.48  10.64]
 [ 12.82  37.18  17.95   0.     0.     6.41  25.64]
 [  1.05   2.46  64.21   0.7    0.     4.91  26.67]
 [  2.94   0.     8.82  30.88   1.47  36.76  19.12]
 [  0.     0.     0.     0.    82.35  15.44   2.21]
 [  2.57   0.     1.4    0.7    2.34  84.11   8.88]
 [  1.87   0.94   9.6    0.94   0.    16.16  70.49]]