Train Shapes (X, y):  (3172, 21), (3172,)
Test Shapes (X, y):  (1563, 21), (1563,)
Unique classes: ['AGN' 'Blazar' 'CV' 'Flare' 'HPM' 'Non-Transient' 'SN']
Unique count: [286 159 577 139 276 867 868]
Best Params: {'max_features': 'auto', 'n_estimators': 200}
Validation Accuracy: 0.6857
Test Accuracy: 0.7083
Report:
                precision    recall  f1-score   support

          AGN     0.7407    0.7092    0.7246       141
       Blazar     0.6458    0.3974    0.4921        78
           CV     0.7206    0.6246    0.6692       285
        Flare     0.6774    0.3088    0.4242        68
          HPM     0.9286    0.8603    0.8931       136
Non-Transient     0.7050    0.8318    0.7631       428
           SN     0.6454    0.7119    0.6771       427

  avg / total     0.7101    0.7083    0.7021      1563
Confusion Matrix:
 [[100   6   4   0   0  19  12]
 [  9  31  13   0   0   5  20]
 [  3   7 178   2   0  17  78]
 [  2   0   6  21   1  26  12]
 [  0   0   0   0 117  15   4]
 [ 13   0   6   4   8 356  41]
 [  8   4  40   4   0  67 304]]
Normalized Confusion Matrix:
 [[ 70.92   4.26   2.84   0.     0.    13.48   8.51]
 [ 11.54  39.74  16.67   0.     0.     6.41  25.64]
 [  1.05   2.46  62.46   0.7    0.     5.96  27.37]
 [  2.94   0.     8.82  30.88   1.47  38.24  17.65]
 [  0.     0.     0.     0.    86.03  11.03   2.94]
 [  3.04   0.     1.4    0.93   1.87  83.18   9.58]
 [  1.87   0.94   9.37   0.94   0.    15.69  71.19]]