Train Shapes (X, y):  (2497, 27), (2497,)
Test Shapes (X, y):  (1230, 27), (1230,)
Unique classes: ['AGN' 'Blazar' 'CV' 'Flare' 'HPM' 'Other' 'SN']
Unique count: [285 155 524 125 268 436 704]
Best Params: {'hidden_layer_sizes': (100, 100), 'activation': 'relu', 'alpha': 0.0001, 'learning_rate': 'constant'}
Validation Accuracy: 0.5727
Test Accuracy: 0.5797
Report:
              precision    recall  f1-score   support

        AGN     0.5224    0.7447    0.6140       141
     Blazar     0.4386    0.3247    0.3731        77
         CV     0.7391    0.5930    0.6581       258
      Flare     0.5806    0.2903    0.3871        62
        HPM     0.9259    0.9470    0.9363       132
      Other     0.3350    0.3178    0.3261       214
         SN     0.5530    0.6329    0.5903       346

avg / total     0.5849    0.5797    0.5746      1230
Confusion Matrix:
 [[105   3   1   2   0  23   7]
 [ 11  25  14   0   0  17  10]
 [  6  10 153   5   2  25  57]
 [ 10   1   4  18   2   6  21]
 [  1   0   0   0 125   1   5]
 [ 46   8   9   4   2  68  77]
 [ 22  10  26   2   4  63 219]]
Normalized Confusion Matrix:
 [[ 74.47   2.13   0.71   1.42   0.    16.31   4.96]
 [ 14.29  32.47  18.18   0.     0.    22.08  12.99]
 [  2.33   3.88  59.3    1.94   0.78   9.69  22.09]
 [ 16.13   1.61   6.45  29.03   3.23   9.68  33.87]
 [  0.76   0.     0.     0.    94.7    0.76   3.79]
 [ 21.5    3.74   4.21   1.87   0.93  31.78  35.98]
 [  6.36   2.89   7.51   0.58   1.16  18.21  63.29]]