Train Shapes (X, y):  (2937, 21), (2937,)
Test Shapes (X, y):  (1447, 21), (1447,)
Unique classes: ['AGN' 'Blazar' 'CV' 'Flare' 'HPM' 'Other' 'SN']
Unique count: [286 159 577 139 276 632 868]
Best Params: {'max_features': 'auto', 'n_estimators': 700}
Validation Accuracy: 0.6044
Test Accuracy: 0.6213
Report:
              precision    recall  f1-score   support

        AGN     0.6258    0.6879    0.6554       141
     Blazar     0.5510    0.3462    0.4252        78
         CV     0.6939    0.5965    0.6415       285
      Flare     0.7209    0.4559    0.5586        68
        HPM     0.9485    0.9485    0.9485       136
      Other     0.5444    0.4327    0.4821       312
         SN     0.5429    0.7260    0.6212       427

avg / total     0.6280    0.6213    0.6158      1447
Confusion Matrix:
 [[ 97   5   2   2   0  21  14]
 [ 10  27  14   0   0   9  18]
 [  3   7 170   1   0  16  88]
 [  1   0   6  31   3   7  20]
 [  0   0   0   1 129   2   4]
 [ 33   5  20   1   1 135 117]
 [ 11   5  33   7   3  58 310]]
Normalized Confusion Matrix:
 [[ 68.79   3.55   1.42   1.42   0.    14.89   9.93]
 [ 12.82  34.62  17.95   0.     0.    11.54  23.08]
 [  1.05   2.46  59.65   0.35   0.     5.61  30.88]
 [  1.47   0.     8.82  45.59   4.41  10.29  29.41]
 [  0.     0.     0.     0.74  94.85   1.47   2.94]
 [ 10.58   1.6    6.41   0.32   0.32  43.27  37.5 ]
 [  2.58   1.17   7.73   1.64   0.7   13.58  72.6 ]]