Train Shapes (X, y):  (2765, 21), (2765,)
Test Shapes (X, y):  (1362, 21), (1362,)
Unique classes: ['AGN' 'Blazar' 'CV' 'Flare' 'HPM' 'Non-Transient' 'SN']
Unique count: [285 155 524 125 268 704 704]
Best Params: {'hidden_layer_sizes': 100, 'activation': 'relu', 'alpha': 0.01, 'learning_rate': 'constant'}
Validation Accuracy: 0.6691
Test Accuracy: 0.6968
Report:
                precision    recall  f1-score   support

          AGN     0.6303    0.7376    0.6797       141
       Blazar     0.6739    0.4026    0.5041        77
           CV     0.7532    0.6860    0.7181       258
        Flare     0.5128    0.3226    0.3960        62
          HPM     0.8769    0.8636    0.8702       132
Non-Transient     0.6929    0.7890    0.7378       346
           SN     0.6516    0.6647    0.6581       346

  avg / total     0.6959    0.6968    0.6919      1362
Confusion Matrix:
 [[104   5   3   2   0  15  12]
 [ 15  31  19   0   0   1  11]
 [ 10   6 177   2   0   5  58]
 [  2   0   1  20   0  31   8]
 [  1   0   0   1 114  16   0]
 [ 17   0   2   8  12 273  34]
 [ 16   4  33   6   4  53 230]]
Normalized Confusion Matrix:
 [[ 73.76   3.55   2.13   1.42   0.    10.64   8.51]
 [ 19.48  40.26  24.68   0.     0.     1.3   14.29]
 [  3.88   2.33  68.6    0.78   0.     1.94  22.48]
 [  3.23   0.     1.61  32.26   0.    50.    12.9 ]
 [  0.76   0.     0.     0.76  86.36  12.12   0.  ]
 [  4.91   0.     0.58   2.31   3.47  78.9    9.83]
 [  4.62   1.16   9.54   1.73   1.16  15.32  66.47]]