Train Shapes (X, y):  (2497, 21), (2497,)
Test Shapes (X, y):  (1230, 21), (1230,)
Unique classes: ['AGN' 'Blazar' 'CV' 'Flare' 'HPM' 'Other' 'SN']
Unique count: [285 155 524 125 268 436 704]
Best Params: {'hidden_layer_sizes': 100, 'activation': 'relu', 'alpha': 0.0001, 'learning_rate': 'constant'}
Validation Accuracy: 0.5683
Test Accuracy: 0.6081
Report:
              precision    recall  f1-score   support

        AGN     0.5385    0.7943    0.6418       141
     Blazar     0.5526    0.2727    0.3652        77
         CV     0.7229    0.6473    0.6830       258
      Flare     0.6571    0.3710    0.4742        62
        HPM     0.9470    0.9470    0.9470       132
      Other     0.4018    0.2103    0.2761       214
         SN     0.5380    0.7370    0.6220       346

avg / total     0.6040    0.6081    0.5882      1230
Confusion Matrix:
 [[112   3   1   2   0  11  12]
 [ 10  21  18   0   0  11  17]
 [  7   7 167   2   1  14  60]
 [ 10   0   3  23   0   1  25]
 [  1   0   0   0 125   0   6]
 [ 46   4  12   4   4  45  99]
 [ 22   3  30   4   2  30 255]]
Normalized Confusion Matrix:
 [[ 79.43   2.13   0.71   1.42   0.     7.8    8.51]
 [ 12.99  27.27  23.38   0.     0.    14.29  22.08]
 [  2.71   2.71  64.73   0.78   0.39   5.43  23.26]
 [ 16.13   0.     4.84  37.1    0.     1.61  40.32]
 [  0.76   0.     0.     0.    94.7    0.     4.55]
 [ 21.5    1.87   5.61   1.87   1.87  21.03  46.26]
 [  6.36   0.87   8.67   1.16   0.58   8.67  73.7 ]]