Train Shapes (X, y):  (2765, 27), (2765,)
Test Shapes (X, y):  (1362, 27), (1362,)
Unique classes: ['AGN' 'Blazar' 'CV' 'Flare' 'HPM' 'Non-Transient' 'SN']
Unique count: [285 155 524 125 268 704 704]
Best Params: {'max_features': 'log2', 'n_estimators': 700}
Validation Accuracy: 0.7338
Test Accuracy: 0.7687
Report:
                precision    recall  f1-score   support

          AGN     0.8385    0.7730    0.8044       141
       Blazar     0.7714    0.3506    0.4821        77
           CV     0.8115    0.7674    0.7888       258
        Flare     0.6786    0.3065    0.4222        62
          HPM     0.9583    0.8712    0.9127       132
Non-Transient     0.7140    0.9162    0.8025       346
           SN     0.7258    0.7572    0.7412       346

  avg / total     0.7736    0.7687    0.7598      1362
Confusion Matrix:
 [[109   4   2   1   0  13  12]
 [ 11  27  19   0   0   2  18]
 [  3   4 198   1   0   9  43]
 [  1   0   1  19   0  31  10]
 [  1   0   0   0 115  16   0]
 [  1   0   4   4   4 317  16]
 [  4   0  20   3   1  56 262]]
Normalized Confusion Matrix:
 [[ 77.3    2.84   1.42   0.71   0.     9.22   8.51]
 [ 14.29  35.06  24.68   0.     0.     2.6   23.38]
 [  1.16   1.55  76.74   0.39   0.     3.49  16.67]
 [  1.61   0.     1.61  30.65   0.    50.    16.13]
 [  0.76   0.     0.     0.    87.12  12.12   0.  ]
 [  0.29   0.     1.16   1.16   1.16  91.62   4.62]
 [  1.16   0.     5.78   0.87   0.29  16.18  75.72]]