Train Shapes (X, y):  (3172, 31), (3172,)
Test Shapes (X, y):  (1563, 31), (1563,)
Unique classes: ['AGN' 'Blazar' 'CV' 'Flare' 'HPM' 'Non-Transient' 'SN']
Unique count: [286 159 577 139 276 867 868]
Best Params: {'max_features': 'auto', 'n_estimators': 700}
Validation Accuracy: 0.7238
Test Accuracy: 0.7492
Report:
                precision    recall  f1-score   support

          AGN     0.8168    0.7589    0.7868       141
       Blazar     0.5745    0.3462    0.4320        78
           CV     0.7880    0.6912    0.7364       285
        Flare     0.7667    0.3382    0.4694        68
          HPM     0.9365    0.8676    0.9008       136
Non-Transient     0.7328    0.8715    0.7962       428
           SN     0.6936    0.7635    0.7269       427

  avg / total     0.7510    0.7492    0.7422      1563
Confusion Matrix:
 [[107   7   2   0   0  13  12]
 [ 12  27  16   0   0   2  21]
 [  3   5 197   2   0  16  62]
 [  1   0   4  23   0  27  13]
 [  0   0   0   0 118  15   3]
 [  5   1   6   3   7 373  33]
 [  3   7  25   2   1  63 326]]
Normalized Confusion Matrix:
 [[ 75.89   4.96   1.42   0.     0.     9.22   8.51]
 [ 15.38  34.62  20.51   0.     0.     2.56  26.92]
 [  1.05   1.75  69.12   0.7    0.     5.61  21.75]
 [  1.47   0.     5.88  33.82   0.    39.71  19.12]
 [  0.     0.     0.     0.    86.76  11.03   2.21]
 [  1.17   0.23   1.4    0.7    1.64  87.15   7.71]
 [  0.7    1.64   5.85   0.47   0.23  14.75  76.35]]