Train Shapes (X, y):  (2497, 31), (2497,)
Test Shapes (X, y):  (1230, 31), (1230,)
Unique classes: ['AGN' 'Blazar' 'CV' 'Flare' 'HPM' 'Other' 'SN']
Unique count: [285 155 524 125 268 436 704]
Best Params: {'hidden_layer_sizes': (100, 100), 'activation': 'relu', 'alpha': 0.001, 'learning_rate': 'constant'}
Validation Accuracy: 0.5955
Test Accuracy: 0.6154
Report:
              precision    recall  f1-score   support

        AGN     0.6164    0.6383    0.6272       141
     Blazar     0.5439    0.4026    0.4627        77
         CV     0.6932    0.7093    0.7011       258
      Flare     0.6429    0.4355    0.5192        62
        HPM     0.9403    0.9545    0.9474       132
      Other     0.3846    0.4439    0.4121       214
         SN     0.6029    0.5925    0.5977       346

avg / total     0.6199    0.6154    0.6156      1230
Confusion Matrix:
 [[ 90   3   2   3   0  37   6]
 [ 10  31  13   0   0  11  12]
 [  6   9 183   1   1  25  33]
 [  3   1   3  27   1   7  20]
 [  1   0   0   0 126   2   3]
 [ 24   7  19   6   2  95  61]
 [ 12   6  44   5   4  70 205]]
Normalized Confusion Matrix:
 [[ 63.83   2.13   1.42   2.13   0.    26.24   4.26]
 [ 12.99  40.26  16.88   0.     0.    14.29  15.58]
 [  2.33   3.49  70.93   0.39   0.39   9.69  12.79]
 [  4.84   1.61   4.84  43.55   1.61  11.29  32.26]
 [  0.76   0.     0.     0.    95.45   1.52   2.27]
 [ 11.21   3.27   8.88   2.8    0.93  44.39  28.5 ]
 [  3.47   1.73  12.72   1.45   1.16  20.23  59.25]]