Train Shapes (X, y):  (2765, 21), (2765,)
Test Shapes (X, y):  (1362, 21), (1362,)
Unique classes: ['AGN' 'Blazar' 'CV' 'Flare' 'HPM' 'Non-Transient' 'SN']
Unique count: [285 155 524 125 268 704 704]
Best Params: {'C': 1000, 'kernel': 'rbf', 'gamma': 0.1}
Validation Accuracy: 0.6210
Test Accuracy: 0.6557
Report:
                precision    recall  f1-score   support

          AGN     0.5699    0.7801    0.6587       141
       Blazar     0.3984    0.6364    0.4900        77
           CV     0.7854    0.6240    0.6955       258
        Flare     0.3228    0.6613    0.4339        62
          HPM     0.8417    0.8864    0.8635       132
Non-Transient     0.7422    0.6908    0.7156       346
           SN     0.6957    0.5087    0.5876       346

  avg / total     0.6918    0.6557    0.6621      1362
Confusion Matrix:
 [[110  10   0   6   0  12   3]
 [ 14  49   6   1   0   0   7]
 [  7  29 161   5   1   4  51]
 [  3   0   1  41   0  17   0]
 [  1   0   1   1 117  12   0]
 [ 26   2   6  41  16 239  16]
 [ 32  33  30  32   5  38 176]]
Normalized Confusion Matrix:
 [[ 78.01   7.09   0.     4.26   0.     8.51   2.13]
 [ 18.18  63.64   7.79   1.3    0.     0.     9.09]
 [  2.71  11.24  62.4    1.94   0.39   1.55  19.77]
 [  4.84   0.     1.61  66.13   0.    27.42   0.  ]
 [  0.76   0.     0.76   0.76  88.64   9.09   0.  ]
 [  7.51   0.58   1.73  11.85   4.62  69.08   4.62]
 [  9.25   9.54   8.67   9.25   1.45  10.98  50.87]]