Train Shapes (X, y):  (2765, 31), (2765,)
Test Shapes (X, y):  (1362, 31), (1362,)
Unique classes: ['AGN' 'Blazar' 'CV' 'Flare' 'HPM' 'Non-Transient' 'SN']
Unique count: [285 155 524 125 268 704 704]
Best Params: {'max_features': 'log2', 'n_estimators': 700}
Validation Accuracy: 0.7378
Test Accuracy: 0.7724
Report:
                precision    recall  f1-score   support

          AGN     0.8409    0.7872    0.8132       141
       Blazar     0.7429    0.3377    0.4643        77
           CV     0.8025    0.7558    0.7784       258
        Flare     0.7097    0.3548    0.4731        62
          HPM     0.9528    0.9167    0.9344       132
Non-Transient     0.7267    0.9220    0.8127       346
           SN     0.7268    0.7457    0.7361       346

  avg / total     0.7749    0.7724    0.7634      1362
Confusion Matrix:
 [[111   4   1   0   0  14  11]
 [ 11  26  18   0   0   2  20]
 [  3   5 195   1   2   7  45]
 [  1   0   3  22   0  29   7]
 [  1   0   0   0 121  10   0]
 [  1   0   4   5   3 319  14]
 [  4   0  22   3   1  58 258]]
Normalized Confusion Matrix:
 [[ 78.72   2.84   0.71   0.     0.     9.93   7.8 ]
 [ 14.29  33.77  23.38   0.     0.     2.6   25.97]
 [  1.16   1.94  75.58   0.39   0.78   2.71  17.44]
 [  1.61   0.     4.84  35.48   0.    46.77  11.29]
 [  0.76   0.     0.     0.    91.67   7.58   0.  ]
 [  0.29   0.     1.16   1.45   0.87  92.2    4.05]
 [  1.16   0.     6.36   0.87   0.29  16.76  74.57]]