Train Shapes (X, y):  (2765, 31), (2765,)
Test Shapes (X, y):  (1362, 31), (1362,)
Unique classes: ['AGN' 'Blazar' 'CV' 'Flare' 'HPM' 'Non-Transient' 'SN']
Unique count: [285 155 524 125 268 704 704]
Best Params: {'max_features': 'auto', 'n_estimators': 200}
Validation Accuracy: 0.7327
Test Accuracy: 0.7687
Report:
                precision    recall  f1-score   support

          AGN     0.8421    0.7943    0.8175       141
       Blazar     0.7297    0.3506    0.4737        77
           CV     0.8159    0.7558    0.7847       258
        Flare     0.7143    0.3226    0.4444        62
          HPM     0.9664    0.8712    0.9163       132
Non-Transient     0.7172    0.9162    0.8046       346
           SN     0.7170    0.7543    0.7352       346

  avg / total     0.7735    0.7687    0.7603      1362
Confusion Matrix:
 [[112   4   1   0   0  13  11]
 [ 11  27  19   0   0   2  18]
 [  3   5 195   1   0   8  46]
 [  1   0   2  20   0  32   7]
 [  1   0   0   0 115  14   2]
 [  1   0   4   3   2 317  19]
 [  4   1  18   4   2  56 261]]
Normalized Confusion Matrix:
 [[ 79.43   2.84   0.71   0.     0.     9.22   7.8 ]
 [ 14.29  35.06  24.68   0.     0.     2.6   23.38]
 [  1.16   1.94  75.58   0.39   0.     3.1   17.83]
 [  1.61   0.     3.23  32.26   0.    51.61  11.29]
 [  0.76   0.     0.     0.    87.12  10.61   1.52]
 [  0.29   0.     1.16   0.87   0.58  91.62   5.49]
 [  1.16   0.29   5.2    1.16   0.58  16.18  75.43]]